100
1.0
0.993833508538892
0.9754100853894475
0.9449569463147377
0.9028496693588987
0.8496075628495278
0.785887260776948
0.7124746245384189
0.6302750509229451
0.5403023058681398
0.993833508538892
0.9754100853894475
0.9449569463147377
0.9028496693588987
0.8496075628495278
0.7858872607769479
0.7124746245384189
0.6302750509229451
0.5403023058681398
0.4436660217022285
0.9754100853894475
0.9449569463147377
0.9028496693588987
0.8496075628495278
0.785887260776948
0.7124746245384189
0.6302750509229451
0.5403023058681398
0.4436660217022285
0.34155801206749614
0.9449569463147377
0.9028496693588987
0.8496075628495278
0.785887260776948
0.7124746245384189
0.6302750509229451
0.5403023058681398
0.4436660217022287
0.3415580120674963
0.23523757330298942
0.9028496693588987
0.8496075628495278
0.785887260776948
0.7124746245384189
0.6302750509229451
0.5403023058681398
0.4436660217022285
0.3415580120674963
0.23523757330298942
0.12601595356427317
0.8496075628495278
0.7858872607769479
0.7124746245384189
0.6302750509229451
0.5403023058681398
0.4436660217022285
0.34155801206749614
0.23523757330298942
0.12601595356427317
0.015240181222321939
0.785887260776948
0.7124746245384189
0.6302750509229451
0.5403023058681398
0.4436660217022285
0.34155801206749614
0.23523757330298942
0.1260159535642734
0.015240181222322161
-0.09572354801437544
0.7124746245384189
0.6302750509229451
0.5403023058681398
0.4436660217022287
0.3415580120674963
0.23523757330298942
0.1260159535642734
0.015240181222322161
-0.09572354801437544
-0.2055067203681578
0.6302750509229451
0.5403023058681398
0.4436660217022285
0.3415580120674963
0.23523757330298942
0.12601595356427317
0.015240181222322161
-0.09572354801437544
-0.2055067203681578
-0.312755381849239
0.5403023058681398
0.4436660217022285
0.34155801206749614
0.23523757330298942
0.12601595356427317
0.015240181222321939
-0.09572354801437544
-0.2055067203681578
-0.312755381849239
-0.4161468365471424
