5000
6.123233995736766e-17
-0.0317279334980677
-0.06342391965656444
-0.0950560433041827
-0.12659245357374918
-0.15800139597334992
-0.1892512443604101
-0.22031053278654064
-0.2511479871810791
-0.28173255684142967
-0.312033445698487
-0.3420201433256687
-0.3716624556603274
-0.40093053540661366
-0.42979491208917164
-0.45822652172741035
-0.48619673610046854
-0.5136773915734061
-0.5406408174555977
-0.5670598638627706
-0.5929079290546403
-0.6181589862206053
-0.6427876096865394
-0.6667690005162915
-0.6900790114821118
-0.7126941713788629
-0.7345917086575332
-0.7557495743542582
-0.7761464642917569
-0.7957618405308322
-0.8145759520503357
-0.8325698546347713
-0.8497254299495143
-0.8660254037844387
-0.881453363447582
-0.895993774291336
-0.9096319953545184
-0.9223542941045814
-0.9341478602651067
-0.9450008187146685
-0.9549022414440738
-0.963842158559942
-0.9718115683235417
-0.9788024462147787
-0.984807753012208
-0.9898214418809327
-0.9938384644612541
-0.9968547759519423
-0.998867339183008
-0.9998741276738751
-0.9998741276738751
-0.998867339183008
-0.9968547759519424
-0.9938384644612541
-0.9898214418809328
-0.9848077530122081
-0.9788024462147787
-0.9718115683235418
-0.963842158559942
-0.9549022414440739
-0.9450008187146685
-0.9341478602651068
-0.9223542941045815
-0.9096319953545186
-0.8959937742913359
-0.8814533634475821
-0.8660254037844386
-0.8497254299495144
-0.8325698546347714
-0.8145759520503358
-0.7957618405308321
-0.7761464642917568
-0.7557495743542584
-0.7345917086575334
-0.7126941713788628
-0.690079011482112
-0.6667690005162917
-0.6427876096865395
-0.6181589862206055
-0.5929079290546402
-0.5670598638627712
-0.5406408174555974
-0.5136773915734063
-0.48619673610046876
-0.4582265217274106
-0.42979491208917187
-0.4009305354066133
-0.371662455660328
-0.34202014332566855
-0.312033445698487
-0.2817325568414297
-0.25114798718107934
-0.22031053278654086
-0.1892512443604097
-0.1580013959733504
-0.126592453573749
-0.09505604330418249
-0.06342391965656445
-0.03172793349806772
-1.8369701987210297e-16
0.07142857142857148
0.03970063793050373
0.008004651772006988
-0.023627471875611275
-0.055163882145177756
-0.08657282454477849
-0.11782267293183868
-0.14888196135796922
-0.1797194157525077
-0.21030398541285825
-0.2406048742699156
-0.27059157189709726
-0.300233884231756
-0.3295019639780422
-0.35836634066060025
-0.3867979502988389
-0.41476816467189714
-0.4422488201448347
-0.46921224602702627
-0.49563129243419923
-0.5214793576260689
-0.5467304147920339
-0.571359038257968
-0.5953404290877201
-0.6186504400535404
-0.6412655999502915
-0.6631631372289618
-0.6843210029256868
-0.7047178928631855
-0.7243332691022608
-0.7431473806217643
-0.7611412832061999
-0.7782968585209429
-0.7945968323558673
-0.8100247920190106
-0.8245652028627646
-0.838203423925947
-0.85092572267601
-0.8627192888365353
-0.8735722472860971
-0.8834736700155024
-0.8924135871313706
-0.9003829968949703
-0.9073738747862073
-0.9133791815836366
-0.9183928704523613
-0.9224098930326827
-0.9254262045233709
-0.9274387677544366
-0.9284455562453037
-0.9284455562453037
-0.9274387677544366
-0.925426204523371
-0.9224098930326827
-0.9183928704523614
-0.9133791815836367
-0.9073738747862073
-0.9003829968949704
-0.8924135871313706
-0.8834736700155025
-0.8735722472860971
-0.8627192888365354
-0.8509257226760101
-0.8382034239259472
-0.8245652028627645
-0.8100247920190107
-0.7945968323558672
-0.778296858520943
-0.7611412832062
-0.7431473806217644
-0.7243332691022607
-0.7047178928631854
-0.684321002925687
-0.663163137228962
-0.6412655999502914
-0.6186504400535406
-0.5953404290877203
-0.5713590382579681
-0.5467304147920341
-0.5214793576260688
-0.4956312924341998
-0.46921224602702605
-0.4422488201448349
-0.41476816467189737
-0.3867979502988391
-0.35836634066060047
-0.3295019639780419
-0.30023388423175656
-0.27059157189709715
-0.2406048742699156
-0.2103039854128583
-0.1797194157525079
-0.14888196135796944
-0.11782267293183826
-0.08657282454477896
-0.05516388214517756
-0.023627471875611067
0.008004651772006974
0.039700637930503706
0.07142857142857124
0.1428571428571429
0.11112920935907515
0.07943322320057841
0.04780109955296015
0.01626468928339367
-0.015144253116207068
-0.046394101503267254
-0.07745338992939779
-0.10829084432393626
-0.13887541398428682
-0.16917630284134416
-0.19916300046852586
-0.22880531280318456
-0.2580733925494708
-0.2869377692320288
-0.3153693788702675
-0.3433395932433257
-0.37082024871626323
-0.3977836745984548
-0.4242027210056278
-0.45005078619749744
-0.47530184336346243
-0.4999304668293965
-0.5239118576591486
-0.547221868624969
-0.56983702852172
-0.5917345658003903
-0.6128924314971154
-0.633289321434614
-0.6529046976736894
-0.6717188091931929
-0.6897127117776285
-0.7068682870923715
-0.7231682609272958
-0.7385962205904391
-0.7531366314341932
-0.7667748524973756
-0.7794971512474385
-0.7912907174079638
-0.8021436758575256
-0.812045098586931
-0.8209850157027991
-0.8289544254663987
-0.8359453033576358
-0.8419506101550651
-0.8469642990237898
-0.8509813216041113
-0.8539976330947994
-0.8560101963258651
-0.8570169848167322
-0.8570169848167322
-0.8560101963258651
-0.8539976330947996
-0.8509813216041113
-0.84696429902379
-0.8419506101550653
-0.8359453033576358
-0.828954425466399
-0.8209850157027991
-0.812045098586931
-0.8021436758575256
-0.791290717407964
-0.7794971512474387
-0.7667748524973756
-0.753136631434193
-0.7385962205904393
-0.7231682609272958
-0.7068682870923715
-0.6897127117776285
-0.6717188091931929
-0.6529046976736892
-0.633289321434614
-0.6128924314971156
-0.5917345658003905
-0.56983702852172
-0.5472218686249692
-0.5239118576591488
-0.4999304668293966
-0.47530184336346265
-0.45005078619749733
-0.42420272100562834
-0.3977836745984546
-0.37082024871626346
-0.3433395932433259
-0.3153693788702677
-0.286937769232029
-0.2580733925494704
-0.22880531280318517
-0.1991630004685257
-0.16917630284134416
-0.13887541398428688
-0.10829084432393649
-0.07745338992939801
-0.04639410150326684
-0.01514425311620754
0.016264689283393863
0.04780109955296036
0.0794332232005784
0.11112920935907514
0.14285714285714265
0.21428571428571433
0.18255778078764656
0.15086179462914984
0.11922967098153157
0.0876932607119651
0.056284318312364356
0.02503446992530417
-0.006024818500826368
-0.03686227289536484
-0.0674468425557154
-0.09774773141277274
-0.12773442903995444
-0.15737674137461313
-0.1866448211208994
-0.21550919780345737
-0.24394080744169608
-0.27191102181475424
-0.2993916772876918
-0.32635510316988336
-0.35277414957705633
-0.378622214768926
-0.403873271934891
-0.42850189540082506
-0.4524832862305772
-0.4757932971963975
-0.4984084570931486
-0.5203059943718189
-0.5414638600685439
-0.5618607500060426
-0.5814761262451179
-0.6002902377646214
-0.618284140349057
-0.6354397156638
-0.6517396894987244
-0.6671676491618677
-0.6817080600056217
-0.6953462810688041
-0.7080685798188671
-0.7198621459793924
-0.7307151044289542
-0.7406165271583595
-0.7495564442742277
-0.7575258540378274
-0.7645167319290644
-0.7705220387264937
-0.7755357275952184
-0.7795527501755398
-0.782569061666228
-0.7845816248972937
-0.7855884133881608
-0.7855884133881608
-0.7845816248972937
-0.7825690616662281
-0.7795527501755398
-0.7755357275952185
-0.7705220387264938
-0.7645167319290644
-0.7575258540378275
-0.7495564442742277
-0.7406165271583596
-0.7307151044289542
-0.7198621459793925
-0.7080685798188672
-0.6953462810688043
-0.6817080600056216
-0.6671676491618678
-0.6517396894987243
-0.6354397156638001
-0.6182841403490571
-0.6002902377646215
-0.5814761262451178
-0.5618607500060425
-0.5414638600685441
-0.5203059943718191
-0.4984084570931485
-0.47579329719639774
-0.45248328623057743
-0.4285018954008252
-0.4038732719348912
-0.3786222147689259
-0.3527741495770569
-0.32635510316988314
-0.299391677287692
-0.27191102181475446
-0.2439408074416963
-0.2155091978034576
-0.186644821120899
-0.15737674137461374
-0.12773442903995427
-0.09774773141277274
-0.06744684255571545
-0.03686227289536506
-0.00602481850082659
0.025034469925304587
0.056284318312363885
0.08769326071196529
0.11922967098153178
0.15086179462914984
0.18255778078764656
0.21428571428571408
0.28571428571428575
0.253986352216218
0.22229036605772126
0.19065824241010298
0.15912183214053652
0.12771288974093578
0.0964630413538756
0.06540375292774506
0.034566298533206585
0.003981728872856027
-0.026319159984201312
-0.056305857611383014
-0.08594816994604171
-0.11521624969232797
-0.14408062637488595
-0.17251223601312465
-0.20048245038618284
-0.22796310585912039
-0.25492653174131197
-0.28134557814848493
-0.3071936433403546
-0.3324447005063196
-0.35707332397225366
-0.3810547148020058
-0.4043647257678261
-0.42697988566457723
-0.4488774229432475
-0.47003528863997246
-0.49043217857747123
-0.5100475548165465
-0.52886166633605
-0.5468555689204856
-0.5640111442352286
-0.580311118070153
-0.5957390777332963
-0.6102794885770503
-0.6239177096402327
-0.6366400083902957
-0.648433574550821
-0.6592865330003828
-0.6691879557297881
-0.6781278728456563
-0.686097282609256
-0.693088160500493
-0.6990934672979223
-0.704107156166647
-0.7081241787469684
-0.7111404902376566
-0.7131530534687223
-0.7141598419595894
-0.7141598419595894
-0.7131530534687223
-0.7111404902376567
-0.7081241787469684
-0.7041071561666471
-0.6990934672979224
-0.693088160500493
-0.6860972826092561
-0.6781278728456563
-0.6691879557297882
-0.6592865330003828
-0.6484335745508211
-0.6366400083902958
-0.6239177096402329
-0.6102794885770502
-0.5957390777332964
-0.5803111180701529
-0.5640111442352287
-0.5468555689204857
-0.5288616663360501
-0.5100475548165464
-0.4904321785774711
-0.4700352886399727
-0.44887742294324773
-0.4269798856645771
-0.40436472576782634
-0.38105471480200603
-0.3570733239722538
-0.3324447005063198
-0.3071936433403545
-0.2813455781484855
-0.25492653174131175
-0.2279631058591206
-0.20048245038618306
-0.17251223601312488
-0.14408062637488617
-0.11521624969232758
-0.08594816994604232
-0.05630585761138285
-0.026319159984201312
0.003981728872855972
0.03456629853320636
0.06540375292774483
0.09646304135387601
0.1277128897409353
0.1591218321405367
0.1906582424101032
0.22229036605772123
0.25398635221621796
0.28571428571428553
0.35714285714285715
0.3254149236447894
0.29371893748629263
0.2620868138386744
0.23055040356910791
0.19914146116950718
0.167891612782447
0.13683232435631645
0.10599486996177798
0.07541030030142742
0.045109411444370084
0.015122713817188382
-0.014519598517470311
-0.04378767826375657
-0.07265205494631455
-0.10108366458455326
-0.12905387895761145
-0.156534534430549
-0.18349796031274057
-0.20991700671991353
-0.2357650719117832
-0.2610161290777482
-0.28564475254368227
-0.3096261433734344
-0.3329361543392547
-0.35555131423600583
-0.3774488515146761
-0.39860671721140106
-0.41900360714889984
-0.4386189833879751
-0.45743309490747863
-0.4754269974919142
-0.4925825728066572
-0.5088825466415816
-0.5243105063047249
-0.5388509171484789
-0.5524891382116613
-0.5652114369617243
-0.5770050031222496
-0.5878579615718114
-0.5977593843012167
-0.606699301417085
-0.6146687111806846
-0.6216595890719216
-0.6276648958693509
-0.6326785847380756
-0.636695607318397
-0.6397119188090852
-0.6417244820401509
-0.642731270531018
-0.642731270531018
-0.6417244820401509
-0.6397119188090853
-0.636695607318397
-0.6326785847380757
-0.627664895869351
-0.6216595890719216
-0.6146687111806847
-0.606699301417085
-0.5977593843012168
-0.5878579615718114
-0.5770050031222497
-0.5652114369617244
-0.5524891382116615
-0.5388509171484788
-0.524310506304725
-0.5088825466415815
-0.4925825728066573
-0.4754269974919143
-0.45743309490747874
-0.438618983387975
-0.4190036071488997
-0.3986067172114013
-0.37744885151467633
-0.3555513142360057
-0.33293615433925494
-0.30962614337343464
-0.2856447525436824
-0.2610161290777484
-0.2357650719117831
-0.2099170067199141
-0.18349796031274035
-0.1565345344305492
-0.12905387895761167
-0.10108366458455348
-0.07265205494631477
-0.04378767826375618
-0.014519598517470922
0.015122713817188549
0.045109411444370084
0.07541030030142737
0.10599486996177776
0.13683232435631623
0.1678916127824474
0.1991414611695067
0.2305504035691081
0.2620868138386746
0.29371893748629263
0.32541492364478936
0.35714285714285693
0.4285714285714286
0.39684349507336086
0.36514750891486414
0.33351538526724583
0.30197897499767934
0.27057003259807866
0.23932018421101844
0.2082608957848879
0.17742344139034943
0.14683887172999888
0.11653798287294154
0.08655128524575983
0.05690897291110114
0.027640893164814884
-0.0012234835177430958
-0.029655093155981804
-0.05762530752903999
-0.08510596300197754
-0.11206938888416912
-0.13848843529134208
-0.16433650048321174
-0.18958755764917673
-0.21421618111511082
-0.23819757194486296
-0.26150758291068327
-0.2841227428074344
-0.30602028008610466
-0.3271781457828296
-0.3475750357203284
-0.36719041195940366
-0.3860045234789072
-0.40399842606334274
-0.42115400137808573
-0.43745397521301016
-0.4528819348761534
-0.46742234571990743
-0.4810605667830899
-0.4937828655331528
-0.5055764316936782
-0.51642939014324
-0.5263308128726452
-0.5352707299885135
-0.5432401397521132
-0.5502310176433503
-0.5562363244407795
-0.5612500133095042
-0.5652670358898255
-0.5682833473805138
-0.5702959106115795
-0.5713026991024466
-0.5713026991024466
-0.5702959106115795
-0.5682833473805138
-0.5652670358898255
-0.5612500133095042
-0.5562363244407795
-0.5502310176433503
-0.5432401397521132
-0.5352707299885135
-0.5263308128726454
-0.51642939014324
-0.5055764316936782
-0.4937828655331529
-0.48106056678309
-0.4674223457199073
-0.4528819348761535
-0.43745397521301005
-0.42115400137808584
-0.40399842606334285
-0.3860045234789073
-0.36719041195940355
-0.3475750357203283
-0.32717814578282983
-0.3060202800861049
-0.28412274280743427
-0.2615075829106835
-0.23819757194486318
-0.21421618111511093
-0.18958755764917695
-0.16433650048321163
-0.13848843529134264
-0.1120693888841689
-0.08510596300197776
-0.057625307529040215
-0.029655093155982026
-0.0012234835177433179
0.027640893164815272
0.05690897291110053
0.08655128524576
0.11653798287294154
0.14683887172999882
0.1774234413903492
0.20826089578488768
0.23932018421101886
0.27057003259807816
0.30197897499767956
0.33351538526724606
0.3651475089148641
0.3968434950733608
0.4285714285714284
0.5000000000000001
0.4682720665019323
0.43657608034343554
0.4049439566958173
0.37340754642625085
0.34199860402665005
0.3107487556395899
0.27968946721345933
0.2488520128189209
0.21826744315857033
0.187966554301513
0.1579798566743313
0.1283375443396726
0.09906946459338634
0.07020508791082836
0.04177347827258965
0.01380326389953146
-0.013677391573406084
-0.040640817455597666
-0.06705986386277063
-0.09290792905464029
-0.11815898622060528
-0.14278760968653936
-0.1667690005162915
-0.19007901148211181
-0.21269417137886293
-0.2345917086575332
-0.25574957435425816
-0.27614646429175693
-0.2957618405308322
-0.3145759520503357
-0.3325698546347713
-0.3497254299495143
-0.3660254037844387
-0.38145336344758196
-0.395993774291336
-0.40963199535451844
-0.42235429410458136
-0.43414786026510666
-0.44500081871466846
-0.45490224144407376
-0.46384215855994204
-0.47181156832354165
-0.47880244621477874
-0.484807753012208
-0.4898214418809327
-0.4938384644612541
-0.4968547759519423
-0.49886733918300796
-0.49987412767387507
-0.49987412767387507
-0.49886733918300796
-0.4968547759519424
-0.4938384644612541
-0.4898214418809328
-0.48480775301220813
-0.47880244621477874
-0.47181156832354176
-0.46384215855994204
-0.4549022414440739
-0.44500081871466846
-0.43414786026510677
-0.4223542941045815
-0.40963199535451855
-0.39599377429133586
-0.3814533634475821
-0.3660254037844386
-0.3497254299495144
-0.3325698546347714
-0.31457595205033584
-0.2957618405308321
-0.2761464642917568
-0.2557495743542584
-0.23459170865753343
-0.21269417137886282
-0.19007901148211204
-0.16676900051629173
-0.14278760968653947
-0.1181589862206055
-0.09290792905464018
-0.06705986386277119
-0.040640817455597444
-0.013677391573406306
0.013803263899531237
0.041773478272589426
0.07020508791082813
0.09906946459338672
0.12833754433967198
0.15797985667433145
0.187966554301513
0.21826744315857027
0.24885201281892066
0.2796894672134591
0.3107487556395903
0.3419986040266496
0.373407546426251
0.4049439566958175
0.43657608034343554
0.46827206650193226
0.49999999999999983
0.5714285714285715
0.5397006379305037
0.5080046517720069
0.4763725281243887
0.44483611785482224
0.41342717545522145
0.3821773270681613
0.3511180386420307
0.3202805842474923
0.2896960145871417
0.2593951257300844
0.22940842810290268
0.199766115768244
0.17049803602195773
0.14163365933939975
0.11320204970116104
0.08523183532810286
0.05775117985516531
0.03078775397297373
0.004368707565800767
-0.021479357626068896
-0.04673041479203388
-0.07135903825796797
-0.09534042908772011
-0.11865044005354042
-0.14126559995029153
-0.1631631372289618
-0.18432100292568676
-0.20471789286318554
-0.2243332691022608
-0.24314738062176433
-0.2611412832061999
-0.2782968585209429
-0.2945968323558673
-0.31002479201901056
-0.3245652028627646
-0.33820342392594704
-0.35092572267600997
-0.36271928883653526
-0.37357224728609706
-0.38347367001550237
-0.39241358713137064
-0.40038299689497026
-0.40737387478620735
-0.4133791815836366
-0.4183928704523613
-0.4224098930326827
-0.4254262045233709
-0.42743876775443657
-0.42844555624530367
-0.42844555624530367
-0.42743876775443657
-0.425426204523371
-0.4224098930326827
-0.4183928704523614
-0.41337918158363673
-0.40737387478620735
-0.40038299689497037
-0.39241358713137064
-0.3834736700155025
-0.37357224728609706
-0.36271928883653537
-0.3509257226760101
-0.33820342392594716
-0.32456520286276447
-0.3100247920190107
-0.2945968323558672
-0.278296858520943
-0.2611412832062
-0.24314738062176444
-0.2243332691022607
-0.20471789286318542
-0.18432100292568698
-0.16316313722896203
-0.14126559995029142
-0.11865044005354064
-0.09534042908772034
-0.07135903825796808
-0.0467304147920341
-0.021479357626068785
0.004368707565800212
0.030787753972973952
0.05775117985516509
0.08523183532810263
0.11320204970116082
0.14163365933939953
0.17049803602195812
0.19976611576824338
0.22940842810290285
0.2593951257300844
0.28969601458714167
0.32028058424749206
0.3511180386420305
0.3821773270681617
0.413427175455221
0.4448361178548224
0.4763725281243889
0.5080046517720069
0.5397006379305037
0.5714285714285712
0.6428571428571429
0.6111292093590751
0.5794332232005783
0.5478010995529601
0.5162646892833936
0.48485574688379285
0.4536058984967327
0.4225466100706021
0.3917091556760637
0.3611245860157131
0.3308236971586558
0.3008369995314741
0.2711946871968154
0.24192660745052913
0.21306223076797115
0.18463062112973244
0.15666040675667425
0.1291797512837367
0.10221632540154513
0.07579727899437216
0.0499492138025025
0.024698156636537516
6.953317060343078e-05
-0.023911857659148716
-0.04722186862496902
-0.06983702852172013
-0.09173456580039041
-0.11289243149711536
-0.13328932143461414
-0.15290469767368942
-0.17171880919319293
-0.1897127117776285
-0.20686828709237148
-0.22316826092729591
-0.23859622059043917
-0.2531366314341932
-0.26677485249737565
-0.27949715124743857
-0.29129071740796386
-0.30214367585752566
-0.31204509858693097
-0.32098501570279925
-0.32895442546639886
-0.33594530335763595
-0.3419506101550652
-0.3469642990237899
-0.35098132160411133
-0.3539976330947995
-0.35601019632586517
-0.3570169848167323
-0.3570169848167323
-0.35601019632586517
-0.3539976330947996
-0.35098132160411133
-0.34696429902379
-0.34195061015506534
-0.33594530335763595
-0.32895442546639897
-0.32098501570279925
-0.3120450985869311
-0.30214367585752566
-0.291290717407964
-0.2794971512474387
-0.26677485249737576
-0.25313663143419307
-0.23859622059043928
-0.2231682609272958
-0.2068682870923716
-0.1897127117776286
-0.17171880919319304
-0.1529046976736893
-0.13328932143461403
-0.11289243149711559
-0.09173456580039063
-0.06983702852172002
-0.04722186862496924
-0.02391185765914894
6.953317060331976e-05
0.024698156636537294
0.04994921380250261
0.07579727899437161
0.10221632540154535
0.1291797512837365
0.15666040675667403
0.18463062112973222
0.21306223076797093
0.24192660745052952
0.2711946871968148
0.30083699953147425
0.3308236971586558
0.36112458601571307
0.39170915567606346
0.4225466100706019
0.4536058984967331
0.4848557468837924
0.5162646892833938
0.5478010995529603
0.5794332232005783
0.6111292093590751
0.6428571428571426
0.7142857142857143
0.6825577807876465
0.6508617946291497
0.6192296709815315
0.587693260711965
0.5562843183123642
0.5250344699253041
0.4939751814991735
0.4631377271046351
0.4325531574442845
0.4022522685872272
0.3722655709600455
0.3426232586253868
0.3133551788791005
0.28449080219654255
0.25605919255830384
0.22808897818524565
0.2006083227123081
0.17364489683011652
0.14722585042294356
0.1213777852310739
0.09612672806510891
0.07149810459917483
0.04751671376942268
0.024206702803602376
0.001591542906851262
-0.020305994371819014
-0.04146386006854397
-0.06186075000604274
-0.08147612624511802
-0.10029023776462154
-0.1182841403490571
-0.1354397156638001
-0.15173968949872452
-0.16716764916186777
-0.18170806000562179
-0.19534628106880425
-0.20806857981886717
-0.21986214597939246
-0.23071510442895427
-0.24061652715835957
-0.24955644427422785
-0.25752585403782746
-0.26451673192906455
-0.27052203872649383
-0.2755357275952185
-0.27955275017553993
-0.2825690616662281
-0.2845816248972938
-0.2855884133881609
-0.2855884133881609
-0.2845816248972938
-0.2825690616662282
-0.27955275017553993
-0.2755357275952186
-0.27052203872649394
-0.26451673192906455
-0.2575258540378276
-0.24955644427422785
-0.24061652715835968
-0.23071510442895427
-0.21986214597939258
-0.20806857981886728
-0.19534628106880436
-0.18170806000562167
-0.16716764916186788
-0.1517396894987244
-0.1354397156638002
-0.11828414034905721
-0.10029023776462165
-0.08147612624511791
-0.06186075000604263
-0.04146386006854419
-0.020305994371819236
0.0015915429068513731
0.024206702803602154
0.04751671376942246
0.07149810459917472
0.09612672806510869
0.12137778523107401
0.147225850422943
0.17364489683011675
0.20060832271230788
0.22808897818524543
0.2560591925583036
0.2844908021965423
0.3133551788791009
0.3426232586253862
0.37226557096004564
0.4022522685872272
0.43255315744428446
0.46313772710463486
0.4939751814991733
0.5250344699253044
0.5562843183123638
0.5876932607119651
0.6192296709815317
0.6508617946291497
0.6825577807876465
0.714285714285714
0.7857142857142858
0.753986352216218
0.7222903660577212
0.690658242410103
0.6591218321405365
0.6277128897409358
0.5964630413538756
0.565403752927745
0.5345662985332066
0.5039817288728561
0.4736808400157987
0.443694142388617
0.4140518300539583
0.38478375030767203
0.35591937362511405
0.32748776398687535
0.29951754961381716
0.2720368941408796
0.24507346825868803
0.21865442185151507
0.1928063566596454
0.16755529949368042
0.14292667602774634
0.11894528519799419
0.09563527423217388
0.07302011433542277
0.051122577056752494
0.02996471136002754
0.009567821422528766
-0.010047554816546511
-0.02886166633605003
-0.04685556892048559
-0.06401114423522858
-0.08031111807015301
-0.09573907773329626
-0.11027948857705028
-0.12391770964023274
-0.13664000839029566
-0.14843357455082096
-0.15928653300038276
-0.16918795572978806
-0.17812787284565634
-0.18609728260925595
-0.19308816050049304
-0.19909346729792232
-0.20410715616664699
-0.20812417874696842
-0.21114049023765658
-0.21315305346872226
-0.21415984195958937
-0.21415984195958937
-0.21315305346872226
-0.21114049023765669
-0.20812417874696842
-0.2041071561666471
-0.19909346729792243
-0.19308816050049304
-0.18609728260925607
-0.17812787284565634
-0.16918795572978818
-0.15928653300038276
-0.14843357455082107
-0.13664000839029578
-0.12391770964023285
-0.11027948857705017
-0.09573907773329637
-0.0803111180701529
-0.06401114423522869
-0.0468555689204857
-0.02886166633605014
-0.0100475548165464
0.009567821422528877
0.02996471136002732
0.05112257705675227
0.07302011433542288
0.09563527423217366
0.11894528519799397
0.14292667602774622
0.1675552994936802
0.19280635665964552
0.2186544218515145
0.24507346825868825
0.2720368941408794
0.29951754961381694
0.3274877639868751
0.35591937362511383
0.3847837503076724
0.4140518300539577
0.44369414238861715
0.4736808400157987
0.503981728872856
0.5345662985332064
0.5654037529277448
0.5964630413538761
0.6277128897409353
0.6591218321405368
0.6906582424101032
0.7222903660577212
0.753986352216218
0.7857142857142855
0.8571428571428572
0.8254149236447894
0.7937189374862926
0.7620868138386744
0.7305504035691079
0.6991414611695072
0.667891612782447
0.6368323243563164
0.605994869961778
0.5754103003014275
0.5451094114443701
0.5151227138171883
0.4854804014825297
0.45621232173624343
0.42734794505368545
0.39891633541544674
0.37094612104238855
0.343465465569451
0.31650203968725943
0.29008299328008647
0.2642349280882168
0.23898387092225182
0.21435524745631773
0.19037385662656559
0.16706384566074528
0.14444868576399417
0.12255114848532389
0.10139328278859894
0.08099639285110016
0.061381016612024886
0.04256690509252137
0.024573002508085806
0.007417427193342818
-0.008882546641581612
-0.024310506304724866
-0.03885091714847888
-0.052489138211661346
-0.06521143696172427
-0.07700500312224956
-0.08785796157181136
-0.09775938430121667
-0.10669930141708495
-0.11466871118068456
-0.12165958907192165
-0.12766489586935093
-0.1326785847380756
-0.13669560731839703
-0.13971191880908518
-0.14172448204015087
-0.14273127053101797
-0.14273127053101797
-0.14172448204015087
-0.1397119188090853
-0.13669560731839703
-0.1326785847380757
-0.12766489586935104
-0.12165958907192165
-0.11466871118068467
-0.10669930141708495
-0.09775938430121678
-0.08785796157181136
-0.07700500312224967
-0.06521143696172438
-0.05248913821166146
-0.03885091714847877
-0.024310506304724977
-0.008882546641581501
0.007417427193342707
0.024573002508085695
0.04256690509252126
0.061381016612025
0.08099639285110027
0.10139328278859872
0.12255114848532367
0.14444868576399428
0.16706384566074506
0.19037385662656536
0.21435524745631762
0.2389838709222516
0.2642349280882169
0.2900829932800859
0.31650203968725965
0.3434654655694508
0.37094612104238833
0.3989163354154465
0.42734794505368523
0.4562123217362438
0.4854804014825291
0.5151227138171885
0.5451094114443701
0.5754103003014274
0.6059948699617778
0.6368323243563162
0.6678916127824475
0.6991414611695067
0.7305504035691082
0.7620868138386746
0.7937189374862926
0.8254149236447894
0.8571428571428569
0.9285714285714286
0.8968434950733608
0.865147508914864
0.8335153852672458
0.8019789749976793
0.7705700325980785
0.7393201842110184
0.7082608957848878
0.6774234413903494
0.6468388717299989
0.6165379828729415
0.5865512852457597
0.5569089729111011
0.5276408931648149
0.49877651648225685
0.47034490684401814
0.44237469247095995
0.4148940369980224
0.3879306111158308
0.36151156470865786
0.3356634995167882
0.3104124423508232
0.28578381888488913
0.261802428055137
0.23849241708931668
0.21587725719256556
0.1939797199138953
0.17282185421717033
0.15242496427967156
0.13280958804059628
0.11399547652109276
0.0960015739366572
0.07884599862191422
0.06254602478698978
0.04711806512384653
0.032577654280092516
0.01893943321691005
0.0062171344668471296
-0.005576431693678163
-0.016429390143239964
-0.02633081287264527
-0.03527072998851355
-0.04324013975211316
-0.05023101764335025
-0.05623632444077953
-0.06125001330950419
-0.06526703588982563
-0.06828334738051378
-0.07029591061157947
-0.07130269910244658
-0.07130269910244658
-0.07029591061157947
-0.06828334738051389
-0.06526703588982563
-0.0612500133095043
-0.05623632444077964
-0.05023101764335025
-0.04324013975211327
-0.03527072998851355
-0.02633081287264538
-0.016429390143239964
-0.005576431693678274
0.0062171344668470185
0.01893943321690994
0.03257765428009263
0.04711806512384642
0.0625460247869899
0.0788459986219141
0.09600157393665709
0.11399547652109265
0.1328095880405964
0.15242496427967167
0.1728218542171701
0.19397971991389507
0.21587725719256567
0.23849241708931646
0.26180242805513676
0.285783818884889
0.310412442350823
0.3356634995167883
0.3615115647086573
0.38793061111583105
0.4148940369980222
0.44237469247095973
0.4703449068440179
0.4987765164822566
0.5276408931648152
0.5569089729111005
0.58655128524576
0.6165379828729415
0.6468388717299988
0.6774234413903492
0.7082608957848876
0.7393201842110189
0.7705700325980781
0.8019789749976796
0.833515385267246
0.865147508914864
0.8968434950733608
0.9285714285714283
1.0
0.9682720665019323
0.9365760803434355
0.9049439566958173
0.8734075464262508
0.84199860402665
0.8107487556395899
0.7796894672134593
0.7488520128189209
0.7182674431585703
0.687966554301513
0.6579798566743313
0.6283375443396726
0.5990694645933863
0.5702050879108284
0.5417734782725896
0.5138032638995315
0.4863226084265939
0.45935918254440233
0.43294013613722937
0.4070920709453597
0.3818410137793947
0.35721239031346064
0.3332309994837085
0.3099209885178882
0.28730582862113707
0.2654082913424668
0.24425042564574184
0.22385353570824307
0.2042381594691678
0.18542404794966427
0.1674301453652287
0.15027457005048572
0.1339745962155613
0.11854663655241804
0.10400622570866402
0.09036800464548156
0.07764570589541864
0.06585213973489334
0.054999181285331544
0.04509775855592624
0.03615784144005796
0.028188431676458348
0.021197553785221257
0.01519224698779198
0.010178558119067316
0.006161535538745877
0.0031452240480577265
0.0011326608169920371
0.0001258723261249317
0.0001258723261249317
0.0011326608169920371
0.0031452240480576155
0.006161535538745877
0.010178558119067205
0.015192246987791869
0.021197553785221257
0.028188431676458237
0.03615784144005796
0.045097758555926126
0.054999181285331544
0.06585213973489323
0.07764570589541853
0.09036800464548145
0.10400622570866414
0.11854663655241793
0.1339745962155614
0.1502745700504856
0.1674301453652286
0.18542404794966416
0.2042381594691679
0.22385353570824318
0.24425042564574162
0.2654082913424666
0.2873058286211372
0.30992098851788796
0.33323099948370827
0.3572123903134605
0.3818410137793945
0.4070920709453598
0.4329401361372288
0.45935918254440256
0.4863226084265937
0.5138032638995312
0.5417734782725894
0.5702050879108281
0.5990694645933867
0.6283375443396719
0.6579798566743315
0.687966554301513
0.7182674431585703
0.7488520128189207
0.7796894672134591
0.8107487556395903
0.8419986040266496
0.873407546426251
0.9049439566958175
0.9365760803434355
0.9682720665019323
0.9999999999999998
1.0714285714285714
1.0397006379305036
1.008004651772007
0.9763725281243887
0.9448361178548222
0.9134271754552215
0.8821773270681613
0.8511180386420307
0.8202805842474923
0.7896960145871417
0.7593951257300844
0.7294084281029027
0.699766115768244
0.6704980360219577
0.6416336593393998
0.613202049701161
0.5852318353281029
0.5577511798551653
0.5307877539729737
0.5043687075658008
0.4785206423739311
0.4532695852079661
0.42864096174203203
0.4046595709122799
0.3813495599464596
0.35873440004970847
0.3368368627710382
0.31567899707431324
0.29528210713681446
0.2756667308977392
0.25685261937823567
0.2388587167938001
0.22170314147905712
0.2054031676441327
0.18997520798098944
0.17543479713723542
0.16179657607405296
0.14907427732399003
0.13728071116346474
0.12642775271390294
0.11652632998449763
0.10758641286862936
0.09961700310502974
0.09262612521379265
0.08662081841636338
0.08160712954763871
0.07759010696731727
0.07457379547662912
0.07256123224556343
0.07155444375469633
0.07155444375469633
0.07256123224556343
0.07457379547662901
0.07759010696731727
0.0816071295476386
0.08662081841636327
0.09262612521379265
0.09961700310502963
0.10758641286862936
0.11652632998449752
0.12642775271390294
0.13728071116346463
0.14907427732398992
0.16179657607405284
0.17543479713723553
0.18997520798098932
0.2054031676441328
0.221703141479057
0.2388587167938
0.25685261937823556
0.2756667308977393
0.2952821071368146
0.315678997074313
0.33683686277103797
0.3587344000497086
0.38134955994645936
0.40465957091227966
0.4286409617420319
0.4532695852079659
0.4785206423739312
0.5043687075658002
0.530787753972974
0.5577511798551651
0.5852318353281026
0.6132020497011608
0.6416336593393995
0.6704980360219581
0.6997661157682433
0.7294084281029029
0.7593951257300844
0.7896960145871417
0.8202805842474921
0.8511180386420305
0.8821773270681617
0.913427175455221
0.9448361178548224
0.9763725281243889
1.008004651772007
1.0397006379305036
1.0714285714285712
1.1428571428571428
1.111129209359075
1.0794332232005783
1.04780109955296
1.0162646892833935
0.9848557468837928
0.9536058984967327
0.9225466100706021
0.8917091556760637
0.8611245860157131
0.8308236971586558
0.8008369995314741
0.7711946871968154
0.7419266074505291
0.7130622307679712
0.6846306211297324
0.6566604067566743
0.6291797512837367
0.6022163254015451
0.5757972789943722
0.5499492138025025
0.5246981566365375
0.5000695331706034
0.4760881423408513
0.452778131375031
0.43016297147827987
0.4082654341996096
0.38710756850288464
0.36671067856538586
0.3470953023263106
0.32828119080680707
0.3102872882223715
0.2931317129076285
0.2768317390727041
0.26140377940956083
0.24686336856580682
0.23322514750262435
0.22050284875256143
0.20870928259203614
0.19785632414247434
0.18795490141306903
0.17901498429720075
0.17104557453360114
0.16405469664236405
0.15804938984493477
0.1530357009762101
0.14901867839588867
0.14600236690520052
0.14398980367413483
0.14298301518326773
0.14298301518326773
0.14398980367413483
0.1460023669052004
0.14901867839588867
0.15303570097621
0.15804938984493466
0.16405469664236405
0.17104557453360103
0.17901498429720075
0.18795490141306892
0.19785632414247434
0.20870928259203603
0.22050284875256132
0.23322514750262424
0.24686336856580693
0.2614037794095607
0.2768317390727042
0.2931317129076284
0.3102872882223714
0.32828119080680696
0.3470953023263107
0.366710678565386
0.3871075685028844
0.40826543419960937
0.43016297147828
0.45277813137503076
0.47608814234085106
0.5000695331706033
0.5246981566365373
0.5499492138025026
0.5757972789943716
0.6022163254015453
0.6291797512837365
0.656660406756674
0.6846306211297322
0.7130622307679709
0.7419266074505295
0.7711946871968147
0.8008369995314742
0.8308236971586558
0.8611245860157131
0.8917091556760635
0.9225466100706019
0.953605898496733
0.9848557468837924
1.0162646892833938
1.0478010995529603
1.0794332232005783
1.111129209359075
1.1428571428571426
1.2142857142857142
1.1825577807876464
1.1508617946291497
1.1192296709815315
1.087693260711965
1.0562843183123642
1.025034469925304
0.9939751814991735
0.9631377271046351
0.9325531574442845
0.9022522685872272
0.8722655709600455
0.8426232586253868
0.8133551788791005
0.7844908021965425
0.7560591925583038
0.7280889781852456
0.7006083227123081
0.6736448968301165
0.6472258504229436
0.6213777852310739
0.5961267280651089
0.5714981045991748
0.5475167137694227
0.5242067028036024
0.5015915429068513
0.479694005628181
0.45853613993145603
0.43813924999395726
0.418523873754882
0.39970976223537846
0.3817158596509429
0.3645602843361999
0.3482603105012755
0.33283235083813223
0.3182919399943782
0.30465371893119575
0.29193142018113283
0.28013785402060754
0.26928489557104573
0.25938347284164043
0.25044355572577215
0.24247414596217254
0.23548326807093545
0.22947796127350617
0.2244642724047815
0.22044724982446007
0.21743093833377192
0.21541837510270623
0.21441158661183912
0.21441158661183912
0.21541837510270623
0.2174309383337718
0.22044724982446007
0.2244642724047814
0.22947796127350606
0.23548326807093545
0.24247414596217243
0.25044355572577215
0.2593834728416403
0.26928489557104573
0.2801378540206074
0.2919314201811327
0.30465371893119564
0.3182919399943783
0.3328323508381321
0.3482603105012756
0.3645602843361998
0.3817158596509428
0.39970976223537835
0.4185238737548821
0.43813924999395737
0.4585361399314558
0.47969400562818076
0.5015915429068514
0.5242067028036022
0.5475167137694225
0.5714981045991747
0.5961267280651087
0.621377785231074
0.647225850422943
0.6736448968301167
0.7006083227123079
0.7280889781852454
0.7560591925583036
0.7844908021965423
0.8133551788791009
0.8426232586253861
0.8722655709600456
0.9022522685872272
0.9325531574442845
0.9631377271046349
0.9939751814991733
1.0250344699253044
1.0562843183123638
1.0876932607119651
1.1192296709815317
1.1508617946291497
1.1825577807876464
1.214285714285714
1.2857142857142856
1.2539863522162178
1.2222903660577211
1.1906582424101029
1.1591218321405363
1.1277128897409356
1.0964630413538754
1.065403752927745
1.0345662985332065
1.0039817288728559
0.9736808400157986
0.9436941423886169
0.9140518300539582
0.8847837503076719
0.8559193736251139
0.8274877639868752
0.799517549613817
0.7720368941408795
0.7450734682586879
0.718654421851515
0.6928063566596453
0.6675552994936803
0.6429266760277462
0.6189452851979941
0.5956352742321738
0.5730201143354227
0.5511225770567524
0.5299647113600274
0.5095678214225287
0.4899524451834534
0.47113833366394986
0.4531444310795143
0.4359888557647713
0.4196888819298469
0.4042609222667036
0.3897205114229496
0.37608229035976715
0.3633599916097042
0.35156642544917893
0.34071346699961713
0.3308120442702118
0.32187212715434355
0.31390271739074393
0.30691183949950684
0.30090653270207757
0.2958928438333529
0.29187582125303146
0.2888595097623433
0.2868469465312776
0.2858401580404105
0.2858401580404105
0.2868469465312776
0.2888595097623432
0.29187582125303146
0.2958928438333528
0.30090653270207746
0.30691183949950684
0.3139027173907438
0.32187212715434355
0.3308120442702117
0.34071346699961713
0.3515664254491788
0.3633599916097041
0.37608229035976704
0.3897205114229497
0.4042609222667035
0.419688881929847
0.4359888557647712
0.4531444310795142
0.47113833366394975
0.4899524451834535
0.5095678214225288
0.5299647113600272
0.5511225770567522
0.5730201143354228
0.5956352742321736
0.6189452851979939
0.6429266760277461
0.6675552994936801
0.6928063566596454
0.7186544218515144
0.7450734682586881
0.7720368941408793
0.7995175496138168
0.827487763986875
0.8559193736251137
0.8847837503076723
0.9140518300539575
0.943694142388617
0.9736808400157986
1.0039817288728559
1.0345662985332063
1.0654037529277447
1.0964630413538758
1.1277128897409352
1.1591218321405365
1.190658242410103
1.2222903660577211
1.2539863522162178
1.2857142857142854
1.357142857142857
1.3254149236447892
1.2937189374862925
1.2620868138386743
1.2305504035691077
1.199141461169507
1.1678916127824468
1.1368323243563163
1.1059948699617779
1.0754103003014273
1.04510941144437
1.0151227138171883
0.9854804014825296
0.9562123217362433
0.9273479450536853
0.8989163354154466
0.8709461210423884
0.8434654655694509
0.8165020396872593
0.7900829932800864
0.7642349280882167
0.7389838709222517
0.7143552474563176
0.6903738566265655
0.6670638456607452
0.6444486857639941
0.6225511484853238
0.6013932827885988
0.5809963928511
0.5613810166120248
0.5425669050925213
0.5245730025080857
0.5074174271933427
0.4911174533584183
0.475689493695275
0.461149082851521
0.44751086178833854
0.4347885630382756
0.42299499687775033
0.41214203842818853
0.4022406156987832
0.39330069858291494
0.38533128881931533
0.37834041092807824
0.37233510413064896
0.3673214152619243
0.36330439268160286
0.3602880811909147
0.358275517959849
0.3572687294689819
0.3572687294689819
0.358275517959849
0.3602880811909146
0.36330439268160286
0.3673214152619242
0.37233510413064885
0.37834041092807824
0.3853312888193152
0.39330069858291494
0.4022406156987831
0.41214203842818853
0.4229949968777502
0.4347885630382755
0.44751086178833843
0.4611490828515211
0.4756894936952749
0.4911174533584184
0.5074174271933426
0.5245730025080856
0.5425669050925211
0.5613810166120249
0.5809963928511002
0.6013932827885986
0.6225511484853236
0.6444486857639942
0.667063845660745
0.6903738566265653
0.7143552474563175
0.7389838709222515
0.7642349280882168
0.7900829932800858
0.8165020396872595
0.8434654655694507
0.8709461210423882
0.8989163354154464
0.9273479450536851
0.9562123217362437
0.9854804014825289
1.0151227138171883
1.04510941144437
1.0754103003014273
1.1059948699617776
1.136832324356316
1.1678916127824472
1.1991414611695066
1.230550403569108
1.2620868138386745
1.2937189374862925
1.3254149236447892
1.3571428571428568
1.4285714285714284
1.3968434950733606
1.365147508914864
1.3335153852672457
1.3019789749976791
1.2705700325980784
1.2393201842110182
1.2082608957848877
1.1774234413903493
1.1468388717299987
1.1165379828729414
1.0865512852457597
1.056908972911101
1.0276408931648147
0.9987765164822567
0.970344906844018
0.9423746924709598
0.9148940369980223
0.8879306111158307
0.8615115647086578
0.8356634995167881
0.8104124423508231
0.785783818884889
0.7618024280551369
0.7384924170893166
0.7158772571925655
0.6939797199138952
0.6728218542171702
0.6524249642796714
0.6328095880405962
0.6139954765210927
0.5960015739366571
0.5788459986219141
0.5625460247869897
0.5471180651238464
0.5325776542800924
0.5189394332169099
0.506217134466847
0.4944235683063217
0.4835706098567599
0.4736691871273546
0.46472927001148634
0.45675986024788673
0.44976898235664964
0.44376367555922036
0.4387499866904957
0.43473296411017426
0.4317166526194861
0.4297040893884204
0.4286973008975533
0.4286973008975533
0.4297040893884204
0.431716652619486
0.43473296411017426
0.4387499866904956
0.44376367555922025
0.44976898235664964
0.4567598602478866
0.46472927001148634
0.4736691871273545
0.4835706098567599
0.4944235683063216
0.5062171344668469
0.5189394332169098
0.5325776542800925
0.5471180651238463
0.5625460247869898
0.578845998621914
0.596001573936657
0.6139954765210925
0.6328095880405963
0.6524249642796716
0.67282185421717
0.693979719913895
0.7158772571925656
0.7384924170893163
0.7618024280551366
0.7857838188848889
0.8104124423508229
0.8356634995167882
0.8615115647086572
0.8879306111158309
0.9148940369980221
0.9423746924709596
0.9703449068440178
0.9987765164822565
1.027640893164815
1.0569089729111003
1.08655128524576
1.1165379828729414
1.1468388717299987
1.177423441390349
1.2082608957848875
1.2393201842110186
1.270570032598078
1.3019789749976793
1.333515385267246
1.365147508914864
1.3968434950733606
1.4285714285714282
1.5
1.4682720665019322
1.4365760803434355
1.4049439566958173
1.3734075464262507
1.34199860402665
1.3107487556395898
1.2796894672134593
1.2488520128189209
1.2182674431585703
1.187966554301513
1.1579798566743313
1.1283375443396726
1.0990694645933863
1.0702050879108285
1.0417734782725896
1.0138032638995313
0.9863226084265939
0.9593591825444023
0.9329401361372294
0.9070920709453597
0.8818410137793947
0.8572123903134606
0.8332309994837085
0.8099209885178882
0.7873058286211371
0.7654082913424668
0.7442504256457418
0.7238535357082431
0.7042381594691678
0.6854240479496643
0.6674301453652287
0.6502745700504857
0.6339745962155613
0.618546636552418
0.604006225708664
0.5903680046454816
0.5776457058954186
0.5658521397348933
0.5549991812853315
0.5450977585559262
0.536157841440058
0.5281884316764583
0.5211975537852213
0.515192246987792
0.5101785581190673
0.5061615355387459
0.5031452240480577
0.501132660816992
0.5001258723261249
0.5001258723261249
0.501132660816992
0.5031452240480576
0.5061615355387459
0.5101785581190672
0.5151922469877919
0.5211975537852213
0.5281884316764582
0.536157841440058
0.5450977585559261
0.5549991812853315
0.5658521397348932
0.5776457058954185
0.5903680046454814
0.6040062257086641
0.6185466365524179
0.6339745962155614
0.6502745700504856
0.6674301453652286
0.6854240479496642
0.7042381594691679
0.7238535357082432
0.7442504256457416
0.7654082913424666
0.7873058286211372
0.809920988517888
0.8332309994837083
0.8572123903134605
0.8818410137793945
0.9070920709453598
0.9329401361372288
0.9593591825444026
0.9863226084265937
1.0138032638995313
1.0417734782725894
1.070205087910828
1.0990694645933867
1.128337544339672
1.1579798566743316
1.187966554301513
1.2182674431585703
1.2488520128189207
1.279689467213459
1.3107487556395903
1.3419986040266496
1.373407546426251
1.4049439566958175
1.4365760803434355
1.4682720665019322
1.4999999999999998
1.5714285714285714
1.5397006379305036
1.508004651772007
1.4763725281243887
1.4448361178548221
1.4134271754552215
1.3821773270681612
1.3511180386420307
1.3202805842474923
1.2896960145871417
1.2593951257300844
1.2294084281029027
1.199766115768244
1.1704980360219577
1.1416336593393996
1.113202049701161
1.085231835328103
1.0577511798551653
1.0307877539729737
1.0043687075658008
0.9785206423739311
0.9532695852079661
0.928640961742032
0.9046595709122799
0.8813495599464596
0.8587344000497085
0.8368368627710382
0.8156789970743132
0.7952821071368145
0.7756667308977392
0.7568526193782357
0.7388587167938001
0.7217031414790571
0.7054031676441327
0.6899752079809894
0.6754347971372354
0.661796576074053
0.64907427732399
0.6372807111634647
0.6264277527139029
0.6165263299844976
0.6075864128686294
0.5996170031050297
0.5926261252137927
0.5866208184163634
0.5816071295476387
0.5775901069673173
0.5745737954766291
0.5725612322455634
0.5715544437546963
0.5715544437546963
0.5725612322455634
0.574573795476629
0.5775901069673173
0.5816071295476386
0.5866208184163633
0.5926261252137927
0.5996170031050296
0.6075864128686294
0.6165263299844975
0.6264277527139029
0.6372807111634646
0.6490742773239899
0.6617965760740528
0.6754347971372355
0.6899752079809893
0.7054031676441328
0.721703141479057
0.7388587167938
0.7568526193782356
0.7756667308977393
0.7952821071368146
0.815678997074313
0.836836862771038
0.8587344000497086
0.8813495599464594
0.9046595709122797
0.9286409617420319
0.9532695852079659
0.9785206423739312
1.0043687075658
1.030787753972974
1.057751179855165
1.0852318353281025
1.1132020497011608
1.1416336593393996
1.1704980360219581
1.1997661157682433
1.2294084281029027
1.2593951257300844
1.2896960145871417
1.320280584247492
1.3511180386420305
1.3821773270681617
1.413427175455221
1.4448361178548224
1.476372528124389
1.508004651772007
1.5397006379305036
1.5714285714285712
1.6428571428571428
1.611129209359075
1.5794332232005783
1.54780109955296
1.5162646892833935
1.4848557468837928
1.4536058984967326
1.4225466100706021
1.3917091556760637
1.361124586015713
1.3308236971586558
1.3008369995314741
1.2711946871968154
1.241926607450529
1.2130622307679713
1.1846306211297324
1.1566604067566741
1.1291797512837367
1.1022163254015451
1.0757972789943722
1.0499492138025026
1.0246981566365374
1.0000695331706035
0.9760881423408513
0.952778131375031
0.9301629714782799
0.9082654341996096
0.8871075685028846
0.8667106785653859
0.8470953023263106
0.8282811908068071
0.8102872882223715
0.7931317129076285
0.7768317390727041
0.7614037794095608
0.7468633685658068
0.7332251475026244
0.7205028487525614
0.7087092825920361
0.6978563241424743
0.687954901413069
0.6790149842972008
0.6710455745336011
0.664054696642364
0.6580493898449348
0.6530357009762101
0.6490186783958887
0.6460023669052005
0.6439898036741348
0.6429830151832677
0.6429830151832677
0.6439898036741348
0.6460023669052004
0.6490186783958887
0.65303570097621
0.6580493898449347
0.664054696642364
0.671045574533601
0.6790149842972008
0.6879549014130689
0.6978563241424743
0.708709282592036
0.7205028487525613
0.7332251475026242
0.7468633685658069
0.7614037794095607
0.7768317390727042
0.7931317129076284
0.8102872882223714
0.828281190806807
0.8470953023263107
0.866710678565386
0.8871075685028844
0.9082654341996094
0.93016297147828
0.9527781313750308
0.9760881423408511
1.0000695331706033
1.0246981566365374
1.0499492138025026
1.0757972789943717
1.1022163254015453
1.1291797512837365
1.1566604067566741
1.1846306211297322
1.2130622307679708
1.2419266074505295
1.2711946871968147
1.3008369995314744
1.3308236971586558
1.361124586015713
1.3917091556760635
1.422546610070602
1.453605898496733
1.4848557468837924
1.5162646892833938
1.5478010995529603
1.5794332232005783
1.611129209359075
1.6428571428571426
1.7142857142857142
1.6825577807876464
1.6508617946291497
1.6192296709815315
1.587693260711965
1.5562843183123642
1.525034469925304
1.4939751814991735
1.463137727104635
1.4325531574442845
1.4022522685872272
1.3722655709600455
1.3426232586253868
1.3133551788791005
1.2844908021965424
1.2560591925583038
1.2280889781852458
1.200608322712308
1.1736448968301165
1.1472258504229436
1.1213777852310738
1.096126728065109
1.0714981045991747
1.0475167137694226
1.0242067028036024
1.0015915429068514
0.979694005628181
0.958536139931456
0.9381392499939573
0.918523873754882
0.8997097622353785
0.8817158596509429
0.8645602843361999
0.8482603105012755
0.8328323508381322
0.8182919399943782
0.8046537189311957
0.7919314201811328
0.7801378540206075
0.7692848955710457
0.7593834728416404
0.7504435557257721
0.7424741459621725
0.7354832680709354
0.7294779612735062
0.7244642724047815
0.7204472498244601
0.7174309383337719
0.7154183751027062
0.7144115866118391
0.7144115866118391
0.7154183751027062
0.7174309383337718
0.7204472498244601
0.7244642724047814
0.7294779612735061
0.7354832680709354
0.7424741459621724
0.7504435557257721
0.7593834728416403
0.7692848955710457
0.7801378540206074
0.7919314201811327
0.8046537189311956
0.8182919399943783
0.8328323508381321
0.8482603105012756
0.8645602843361998
0.8817158596509428
0.8997097622353784
0.9185238737548821
0.9381392499939574
0.9585361399314558
0.9796940056281808
1.0015915429068514
1.0242067028036022
1.0475167137694226
1.0714981045991747
1.0961267280651086
1.121377785231074
1.147225850422943
1.1736448968301167
1.2006083227123079
1.2280889781852453
1.2560591925583036
1.2844908021965424
1.313355178879101
1.3426232586253861
1.3722655709600455
1.4022522685872272
1.4325531574442845
1.4631377271046349
1.4939751814991733
1.5250344699253044
1.5562843183123638
1.5876932607119651
1.6192296709815317
1.6508617946291497
1.6825577807876464
1.714285714285714
1.7857142857142856
1.7539863522162178
1.7222903660577211
1.6906582424101029
1.6591218321405363
1.6277128897409356
1.5964630413538754
1.565403752927745
1.5345662985332065
1.5039817288728559
1.4736808400157986
1.443694142388617
1.4140518300539582
1.3847837503076719
1.355919373625114
1.3274877639868752
1.299517549613817
1.2720368941408795
1.245073468258688
1.218654421851515
1.1928063566596454
1.1675552994936802
1.1429266760277463
1.1189452851979942
1.0956352742321738
1.0730201143354225
1.0511225770567525
1.0299647113600274
1.0095678214225288
0.9899524451834534
0.9711383336639499
0.9531444310795143
0.9359888557647713
0.9196888819298469
0.9042609222667036
0.8897205114229496
0.8760822903597671
0.8633599916097042
0.8515664254491789
0.8407134669996171
0.8308120442702118
0.8218721271543435
0.8139027173907439
0.8069118394995068
0.8009065327020776
0.7958928438333529
0.7918758212530315
0.7888595097623433
0.7868469465312776
0.7858401580404105
0.7858401580404105
0.7868469465312776
0.7888595097623432
0.7918758212530315
0.7958928438333528
0.8009065327020775
0.8069118394995068
0.8139027173907438
0.8218721271543435
0.8308120442702117
0.8407134669996171
0.8515664254491788
0.8633599916097041
0.876082290359767
0.8897205114229497
0.9042609222667035
0.919688881929847
0.9359888557647712
0.9531444310795142
0.9711383336639497
0.9899524451834535
1.0095678214225288
1.0299647113600272
1.051122577056752
1.0730201143354228
1.0956352742321736
1.1189452851979937
1.1429266760277461
1.1675552994936802
1.1928063566596454
1.2186544218515145
1.2450734682586881
1.2720368941408793
1.299517549613817
1.327487763986875
1.3559193736251136
1.3847837503076723
1.4140518300539575
1.4436941423886172
1.4736808400157986
1.5039817288728559
1.5345662985332063
1.5654037529277447
1.5964630413538758
1.6277128897409352
1.6591218321405365
1.690658242410103
1.7222903660577211
1.7539863522162178
1.7857142857142854
1.857142857142857
1.8254149236447892
1.7937189374862925
1.7620868138386743
1.7305504035691077
1.699141461169507
1.6678916127824468
1.6368323243563163
1.6059948699617779
1.5754103003014273
1.54510941144437
1.5151227138171883
1.4854804014825296
1.4562123217362433
1.4273479450536852
1.3989163354154466
1.3709461210423886
1.343465465569451
1.3165020396872593
1.2900829932800864
1.2642349280882166
1.2389838709222518
1.2143552474563175
1.1903738566265654
1.1670638456607452
1.1444486857639942
1.1225511484853237
1.1013932827885988
1.0809963928511
1.0613810166120248
1.0425669050925213
1.0245730025080857
1.0074174271933427
0.9911174533584183
0.975689493695275
0.961149082851521
0.9475108617883385
0.9347885630382756
0.9229949968777503
0.9121420384281885
0.9022406156987832
0.8933006985829149
0.8853312888193153
0.8783404109280782
0.872335104130649
0.8673214152619243
0.8633043926816029
0.8602880811909147
0.858275517959849
0.8572687294689819
0.8572687294689819
0.858275517959849
0.8602880811909146
0.8633043926816029
0.8673214152619242
0.8723351041306489
0.8783404109280782
0.8853312888193152
0.8933006985829149
0.9022406156987831
0.9121420384281885
0.9229949968777502
0.9347885630382755
0.9475108617883384
0.9611490828515211
0.9756894936952749
0.9911174533584184
1.0074174271933427
1.0245730025080855
1.0425669050925213
1.061381016612025
1.0809963928511002
1.1013932827885986
1.1225511484853237
1.1444486857639942
1.167063845660745
1.1903738566265654
1.2143552474563175
1.2389838709222514
1.2642349280882168
1.2900829932800857
1.3165020396872595
1.3434654655694507
1.370946121042388
1.3989163354154464
1.4273479450536852
1.4562123217362437
1.485480401482529
1.5151227138171883
1.54510941144437
1.5754103003014273
1.6059948699617776
1.636832324356316
1.6678916127824472
1.6991414611695066
1.730550403569108
1.7620868138386745
1.7937189374862925
1.8254149236447892
1.8571428571428568
1.9285714285714284
1.8968434950733606
1.865147508914864
1.8335153852672457
1.8019789749976791
1.7705700325980784
1.7393201842110182
1.7082608957848877
1.6774234413903493
1.6468388717299987
1.6165379828729414
1.5865512852457597
1.556908972911101
1.5276408931648147
1.4987765164822568
1.470344906844018
1.4423746924709597
1.4148940369980223
1.3879306111158307
1.3615115647086578
1.3356634995167882
1.310412442350823
1.2857838188848891
1.261802428055137
1.2384924170893166
1.2158772571925653
1.1939797199138953
1.1728218542171702
1.1524249642796716
1.1328095880405962
1.1139954765210927
1.096001573936657
1.078845998621914
1.0625460247869896
1.0471180651238465
1.0325776542800924
1.01893943321691
1.006217134466847
0.9944235683063217
0.9835706098567599
0.9736691871273546
0.9647292700114863
0.9567598602478867
0.9497689823566496
0.9437636755592204
0.9387499866904957
0.9347329641101743
0.9317166526194861
0.9297040893884204
0.9286973008975533
0.9286973008975533
0.9297040893884204
0.931716652619486
0.9347329641101743
0.9387499866904956
0.9437636755592202
0.9497689823566496
0.9567598602478866
0.9647292700114863
0.9736691871273545
0.9835706098567599
0.9944235683063216
1.006217134466847
1.01893943321691
1.0325776542800926
1.0471180651238463
1.0625460247869898
1.0788459986219139
1.096001573936657
1.1139954765210924
1.1328095880405962
1.1524249642796716
1.17282185421717
1.1939797199138948
1.2158772571925656
1.2384924170893163
1.2618024280551365
1.285783818884889
1.310412442350823
1.3356634995167882
1.3615115647086573
1.387930611115831
1.414894036998022
1.4423746924709597
1.4703449068440178
1.4987765164822564
1.527640893164815
1.5569089729111003
1.58655128524576
1.6165379828729414
1.6468388717299987
1.677423441390349
1.7082608957848875
1.7393201842110186
1.770570032598078
1.8019789749976793
1.833515385267246
1.865147508914864
1.8968434950733606
1.9285714285714282
2.0
1.9682720665019322
1.9365760803434355
1.9049439566958173
1.8734075464262507
1.84199860402665
1.8107487556395898
1.7796894672134593
1.7488520128189209
1.7182674431585703
1.687966554301513
1.6579798566743313
1.6283375443396726
1.5990694645933863
1.5702050879108285
1.5417734782725896
1.5138032638995313
1.486322608426594
1.4593591825444023
1.4329401361372294
1.4070920709453598
1.3818410137793946
1.3572123903134607
1.3332309994837086
1.3099209885178882
1.287305828621137
1.265408291342467
1.2442504256457418
1.2238535357082432
1.2042381594691678
1.1854240479496643
1.1674301453652287
1.1502745700504857
1.1339745962155612
1.1185466365524181
1.104006225708664
1.0903680046454816
1.0776457058954185
1.0658521397348935
1.0549991812853317
1.0450977585559262
1.0361578414400578
1.0281884316764582
1.0211975537852211
1.0151922469877919
1.0101785581190672
1.0061615355387459
1.0031452240480578
1.001132660816992
1.0001258723261248
1.0001258723261248
1.001132660816992
1.0031452240480576
1.0061615355387459
1.0101785581190672
1.0151922469877919
1.0211975537852211
1.0281884316764582
1.0361578414400578
1.0450977585559262
1.0549991812853317
1.0658521397348932
1.0776457058954185
1.0903680046454816
1.1040062257086642
1.118546636552418
1.1339745962155614
1.1502745700504855
1.1674301453652287
1.185424047949664
1.2042381594691678
1.2238535357082432
1.2442504256457416
1.2654082913424665
1.2873058286211372
1.309920988517888
1.3332309994837082
1.3572123903134605
1.3818410137793946
1.4070920709453598
1.432940136137229
1.4593591825444026
1.4863226084265937
1.5138032638995313
1.5417734782725894
1.570205087910828
1.5990694645933867
1.628337544339672
1.6579798566743316
1.687966554301513
1.7182674431585703
1.7488520128189207
1.779689467213459
1.8107487556395903
1.8419986040266496
1.873407546426251
1.9049439566958175
1.9365760803434355
1.9682720665019322
1.9999999999999998
2.071428571428571
2.0397006379305034
2.0080046517720067
1.9763725281243885
1.944836117854822
1.9134271754552212
1.882177327068161
1.8511180386420305
1.820280584247492
1.7896960145871414
1.7593951257300842
1.7294084281029025
1.6997661157682438
1.6704980360219575
1.6416336593393996
1.6132020497011608
1.5852318353281025
1.557751179855165
1.5307877539729735
1.5043687075658005
1.478520642373931
1.4532695852079658
1.428640961742032
1.4046595709122798
1.3813495599464594
1.3587344000497081
1.336836862771038
1.315678997074313
1.2952821071368144
1.275666730897739
1.2568526193782354
1.2388587167937999
1.221703141479057
1.2054031676441324
1.1899752079809893
1.1754347971372352
1.1617965760740527
1.1490742773239897
1.1372807111634646
1.1264277527139028
1.1165263299844974
1.107586412868629
1.0996170031050294
1.0926261252137923
1.086620818416363
1.0816071295476384
1.077590106967317
1.074573795476629
1.072561232245563
1.071554443754696
1.071554443754696
1.072561232245563
1.0745737954766288
1.077590106967317
1.0816071295476384
1.086620818416363
1.0926261252137923
1.0996170031050294
1.107586412868629
1.1165263299844974
1.1264277527139028
1.1372807111634644
1.1490742773239897
1.1617965760740527
1.1754347971372354
1.189975207980989
1.2054031676441326
1.2217031414790567
1.2388587167937999
1.2568526193782352
1.275666730897739
1.2952821071368144
1.3156789970743128
1.3368368627710376
1.3587344000497084
1.3813495599464591
1.4046595709122793
1.4286409617420317
1.4532695852079658
1.478520642373931
1.5043687075658
1.5307877539729737
1.5577511798551649
1.5852318353281025
1.6132020497011605
1.6416336593393992
1.670498036021958
1.699766115768243
1.7294084281029027
1.7593951257300842
1.7896960145871414
1.8202805842474918
1.8511180386420303
1.8821773270681614
1.9134271754552208
1.9448361178548221
1.9763725281243887
2.0080046517720067
2.0397006379305034
2.071428571428571
2.142857142857143
2.111129209359075
2.0794332232005783
2.0478010995529603
2.0162646892833935
1.9848557468837928
1.9536058984967326
1.9225466100706021
1.8917091556760637
1.861124586015713
1.8308236971586558
1.8008369995314741
1.7711946871968154
1.741926607450529
1.7130622307679713
1.6846306211297324
1.6566604067566741
1.6291797512837367
1.6022163254015451
1.5757972789943722
1.5499492138025026
1.5246981566365374
1.5000695331706035
1.4760881423408514
1.452778131375031
1.4301629714782798
1.4082654341996097
1.3871075685028846
1.366710678565386
1.3470953023263106
1.328281190806807
1.3102872882223715
1.2931317129076285
1.276831739072704
1.261403779409561
1.2468633685658068
1.2332251475026244
1.2205028487525613
1.2087092825920362
1.1978563241424744
1.187954901413069
1.1790149842972006
1.171045574533601
1.164054696642364
1.1580493898449347
1.15303570097621
1.1490186783958887
1.1460023669052006
1.1439898036741347
1.1429830151832676
1.1429830151832676
1.1439898036741347
1.1460023669052004
1.1490186783958887
1.15303570097621
1.1580493898449347
1.164054696642364
1.171045574533601
1.1790149842972006
1.187954901413069
1.1978563241424744
1.208709282592036
1.2205028487525613
1.2332251475026244
1.246863368565807
1.2614037794095607
1.2768317390727042
1.2931317129076283
1.3102872882223715
1.3282811908068068
1.3470953023263106
1.366710678565386
1.3871075685028844
1.4082654341996093
1.43016297147828
1.4527781313750308
1.476088142340851
1.5000695331706033
1.5246981566365374
1.5499492138025026
1.5757972789943717
1.6022163254015453
1.6291797512837365
1.6566604067566741
1.6846306211297322
1.7130622307679708
1.7419266074505295
1.7711946871968147
1.8008369995314744
1.8308236971586558
1.861124586015713
1.8917091556760635
1.922546610070602
1.953605898496733
1.9848557468837924
2.016264689283394
2.0478010995529603
2.0794332232005783
2.111129209359075
2.142857142857143
2.214285714285714
2.182557780787646
2.1508617946291495
2.1192296709815315
2.0876932607119647
2.0562843183123642
2.025034469925304
1.9939751814991733
1.9631377271046349
1.9325531574442842
1.902252268587227
1.8722655709600453
1.8426232586253866
1.8133551788791002
1.7844908021965424
1.7560591925583036
1.7280889781852453
1.7006083227123079
1.6736448968301163
1.6472258504229433
1.6213777852310738
1.5961267280651086
1.5714981045991747
1.5475167137694226
1.5242067028036022
1.501591542906851
1.4796940056281809
1.4585361399314558
1.4381392499939571
1.4185238737548818
1.3997097622353782
1.3817158596509427
1.3645602843361997
1.3482603105012751
1.3328323508381321
1.318291939994378
1.3046537189311955
1.2919314201811325
1.2801378540206074
1.2692848955710456
1.2593834728416402
1.2504435557257718
1.2424741459621722
1.2354832680709351
1.2294779612735058
1.2244642724047812
1.2204472498244598
1.2174309383337718
1.215418375102706
1.2144115866118388
1.2144115866118388
1.215418375102706
1.2174309383337716
1.2204472498244598
1.2244642724047812
1.2294779612735058
1.2354832680709351
1.2424741459621722
1.2504435557257718
1.2593834728416402
1.2692848955710456
1.2801378540206072
1.2919314201811325
1.3046537189311955
1.3182919399943782
1.332832350838132
1.3482603105012754
1.3645602843361995
1.3817158596509427
1.399709762235378
1.4185238737548818
1.4381392499939571
1.4585361399314556
1.4796940056281804
1.5015915429068512
1.524206702803602
1.5475167137694221
1.5714981045991745
1.5961267280651086
1.6213777852310738
1.647225850422943
1.6736448968301165
1.7006083227123077
1.7280889781852453
1.7560591925583033
1.784490802196542
1.8133551788791007
1.842623258625386
1.8722655709600455
1.902252268587227
1.9325531574442842
1.9631377271046346
1.993975181499173
2.0250344699253042
2.056284318312364
2.087693260711965
2.1192296709815315
2.1508617946291495
2.182557780787646
2.214285714285714
2.2857142857142856
2.253986352216218
2.222290366057721
2.190658242410103
2.1591218321405363
2.127712889740936
2.0964630413538754
2.065403752927745
2.0345662985332065
2.003981728872856
1.9736808400157986
1.943694142388617
1.9140518300539582
1.8847837503076719
1.855919373625114
1.8274877639868752
1.799517549613817
1.7720368941408795
1.745073468258688
1.718654421851515
1.6928063566596454
1.6675552994936802
1.6429266760277463
1.6189452851979942
1.5956352742321738
1.5730201143354225
1.5511225770567525
1.5299647113600274
1.5095678214225288
1.4899524451834534
1.4711383336639499
1.4531444310795143
1.4359888557647713
1.4196888819298468
1.4042609222667037
1.3897205114229496
1.3760822903597671
1.3633599916097041
1.351566425449179
1.3407134669996172
1.3308120442702118
1.3218721271543434
1.3139027173907438
1.3069118394995067
1.3009065327020775
1.2958928438333528
1.2918758212530315
1.2888595097623434
1.2868469465312775
1.2858401580404104
1.2858401580404104
1.2868469465312775
1.2888595097623432
1.2918758212530315
1.2958928438333528
1.3009065327020775
1.3069118394995067
1.3139027173907438
1.3218721271543434
1.3308120442702118
1.3407134669996172
1.3515664254491788
1.3633599916097041
1.3760822903597671
1.3897205114229498
1.4042609222667035
1.419688881929847
1.435988855764771
1.4531444310795143
1.4711383336639496
1.4899524451834534
1.5095678214225288
1.5299647113600272
1.551122577056752
1.5730201143354228
1.5956352742321736
1.6189452851979937
1.6429266760277461
1.6675552994936802
1.6928063566596454
1.7186544218515145
1.7450734682586881
1.7720368941408793
1.799517549613817
1.827487763986875
1.8559193736251136
1.8847837503076723
1.9140518300539575
1.9436941423886172
1.9736808400157986
2.003981728872856
2.034566298533206
2.065403752927745
2.096463041353876
2.127712889740935
2.1591218321405368
2.190658242410103
2.222290366057721
2.253986352216218
2.2857142857142856
2.357142857142857
2.3254149236447894
2.2937189374862927
2.2620868138386747
2.230550403569108
2.1991414611695075
2.167891612782447
2.1368323243563165
2.105994869961778
2.0754103003014275
2.04510941144437
2.0151227138171883
1.9854804014825298
1.9562123217362435
1.9273479450536857
1.8989163354154468
1.8709461210423886
1.8434654655694511
1.8165020396872595
1.7900829932800866
1.764234928088217
1.7389838709222518
1.714355247456318
1.6903738566265658
1.6670638456607454
1.6444486857639942
1.6225511484853241
1.601393282788599
1.5809963928511004
1.561381016612025
1.5425669050925215
1.524573002508086
1.507417427193343
1.4911174533584184
1.4756894936952754
1.4611490828515212
1.4475108617883388
1.4347885630382757
1.4229949968777507
1.4121420384281889
1.4022406156987834
1.393300698582915
1.3853312888193154
1.3783404109280784
1.372335104130649
1.3673214152619244
1.363304392681603
1.360288081190915
1.3582755179598491
1.357268729468982
1.357268729468982
1.3582755179598491
1.3602880811909148
1.363304392681603
1.3673214152619244
1.372335104130649
1.3783404109280784
1.3853312888193154
1.393300698582915
1.4022406156987834
1.4121420384281889
1.4229949968777504
1.4347885630382757
1.4475108617883388
1.4611490828515215
1.4756894936952751
1.4911174533584186
1.5074174271933427
1.524573002508086
1.5425669050925213
1.561381016612025
1.5809963928511004
1.6013932827885988
1.6225511484853237
1.6444486857639944
1.6670638456607452
1.6903738566265654
1.7143552474563177
1.7389838709222518
1.764234928088217
1.7900829932800861
1.8165020396872598
1.843465465569451
1.8709461210423886
1.8989163354154466
1.9273479450536852
1.956212321736244
1.9854804014825291
2.0151227138171888
2.04510941144437
2.0754103003014275
2.105994869961778
2.1368323243563165
2.1678916127824475
2.199141461169507
2.2305504035691084
2.2620868138386747
2.2937189374862927
2.3254149236447894
2.357142857142857
2.4285714285714284
2.3968434950733606
2.365147508914864
2.333515385267246
2.301978974997679
2.2705700325980787
2.239320184211018
2.2082608957848877
2.1774234413903493
2.1468388717299987
2.1165379828729414
2.0865512852457595
2.056908972911101
2.027640893164815
1.9987765164822568
1.970344906844018
1.9423746924709597
1.9148940369980223
1.8879306111158307
1.8615115647086578
1.8356634995167882
1.810412442350823
1.7857838188848891
1.761802428055137
1.7384924170893166
1.7158772571925653
1.6939797199138953
1.6728218542171702
1.6524249642796716
1.6328095880405962
1.6139954765210927
1.596001573936657
1.578845998621914
1.5625460247869896
1.5471180651238465
1.5325776542800924
1.51893943321691
1.506217134466847
1.4944235683063218
1.48357060985676
1.4736691871273546
1.4647292700114862
1.4567598602478866
1.4497689823566495
1.4437636755592202
1.4387499866904956
1.4347329641101743
1.4317166526194862
1.4297040893884203
1.4286973008975532
1.4286973008975532
1.4297040893884203
1.431716652619486
1.4347329641101743
1.4387499866904956
1.4437636755592202
1.4497689823566495
1.4567598602478866
1.4647292700114862
1.4736691871273546
1.48357060985676
1.4944235683063216
1.506217134466847
1.51893943321691
1.5325776542800926
1.5471180651238463
1.5625460247869898
1.5788459986219139
1.596001573936657
1.6139954765210924
1.6328095880405962
1.6524249642796716
1.67282185421717
1.6939797199138948
1.7158772571925656
1.7384924170893163
1.7618024280551365
1.785783818884889
1.810412442350823
1.8356634995167882
1.8615115647086573
1.887930611115831
1.914894036998022
1.9423746924709597
1.9703449068440178
1.9987765164822564
2.027640893164815
2.0569089729111005
2.08655128524576
2.1165379828729414
2.1468388717299987
2.1774234413903493
2.2082608957848877
2.2393201842110186
2.270570032598078
2.3019789749976796
2.333515385267246
2.365147508914864
2.3968434950733606
2.4285714285714284
2.5
2.468272066501932
2.4365760803434355
2.4049439566958175
2.3734075464262507
2.3419986040266503
2.31074875563959
2.2796894672134593
2.248852012818921
2.2182674431585703
2.187966554301513
2.157979856674331
2.1283375443396726
2.0990694645933865
2.0702050879108285
2.0417734782725896
2.0138032638995313
1.986322608426594
1.9593591825444023
1.9329401361372294
1.9070920709453598
1.8818410137793946
1.8572123903134607
1.8332309994837086
1.8099209885178882
1.787305828621137
1.765408291342467
1.7442504256457418
1.7238535357082432
1.7042381594691678
1.6854240479496643
1.6674301453652287
1.6502745700504857
1.6339745962155612
1.6185466365524181
1.604006225708664
1.5903680046454816
1.5776457058954185
1.5658521397348935
1.5549991812853317
1.5450977585559262
1.5361578414400578
1.5281884316764582
1.5211975537852211
1.5151922469877919
1.5101785581190672
1.5061615355387459
1.5031452240480578
1.501132660816992
1.5001258723261248
1.5001258723261248
1.501132660816992
1.5031452240480576
1.5061615355387459
1.5101785581190672
1.5151922469877919
1.5211975537852211
1.5281884316764582
1.5361578414400578
1.5450977585559262
1.5549991812853317
1.5658521397348932
1.5776457058954185
1.5903680046454816
1.6040062257086642
1.618546636552418
1.6339745962155614
1.6502745700504855
1.6674301453652287
1.685424047949664
1.7042381594691678
1.7238535357082432
1.7442504256457416
1.7654082913424665
1.7873058286211372
1.809920988517888
1.8332309994837082
1.8572123903134605
1.8818410137793946
1.9070920709453598
1.932940136137229
1.9593591825444026
1.9863226084265937
2.0138032638995313
2.0417734782725896
2.070205087910828
2.099069464593387
2.128337544339672
2.1579798566743316
2.187966554301513
2.2182674431585703
2.2488520128189204
2.2796894672134593
2.3107487556395903
2.3419986040266494
2.373407546426251
2.4049439566958175
2.4365760803434355
2.468272066501932
2.5
2.571428571428571
2.5397006379305034
2.5080046517720067
2.4763725281243887
2.444836117854822
2.4134271754552215
2.382177327068161
2.3511180386420305
2.320280584247492
2.2896960145871414
2.259395125730084
2.2294084281029023
2.1997661157682438
2.1704980360219577
2.1416336593393996
2.1132020497011608
2.0852318353281025
2.057751179855165
2.0307877539729735
2.0043687075658005
1.978520642373931
1.9532695852079658
1.928640961742032
1.9046595709122798
1.8813495599464594
1.8587344000497081
1.836836862771038
1.815678997074313
1.7952821071368144
1.775666730897739
1.7568526193782354
1.7388587167937999
1.721703141479057
1.7054031676441324
1.6899752079809893
1.6754347971372352
1.6617965760740527
1.6490742773239897
1.6372807111634646
1.6264277527139028
1.6165263299844974
1.607586412868629
1.5996170031050294
1.5926261252137923
1.586620818416363
1.5816071295476384
1.577590106967317
1.574573795476629
1.572561232245563
1.571554443754696
1.571554443754696
1.572561232245563
1.5745737954766288
1.577590106967317
1.5816071295476384
1.586620818416363
1.5926261252137923
1.5996170031050294
1.607586412868629
1.6165263299844974
1.6264277527139028
1.6372807111634644
1.6490742773239897
1.6617965760740527
1.6754347971372354
1.689975207980989
1.7054031676441326
1.7217031414790567
1.7388587167937999
1.7568526193782352
1.775666730897739
1.7952821071368144
1.8156789970743128
1.8368368627710376
1.8587344000497084
1.8813495599464591
1.9046595709122793
1.9286409617420317
1.9532695852079658
1.978520642373931
2.0043687075658
2.030787753972974
2.057751179855165
2.0852318353281025
2.1132020497011608
2.141633659339399
2.170498036021958
2.1997661157682433
2.2294084281029027
2.259395125730084
2.2896960145871414
2.3202805842474916
2.3511180386420305
2.3821773270681614
2.4134271754552206
2.4448361178548224
2.4763725281243887
2.5080046517720067
2.5397006379305034
2.571428571428571
2.642857142857143
2.611129209359075
2.5794332232005783
2.5478010995529603
2.5162646892833935
2.484855746883793
2.4536058984967326
2.422546610070602
2.3917091556760637
2.361124586015713
2.330823697158656
2.300836999531474
2.2711946871968154
2.2419266074505293
2.2130622307679713
2.1846306211297324
2.156660406756674
2.1291797512837367
2.102216325401545
2.075797278994372
2.0499492138025026
2.0246981566365374
2.0000695331706035
1.9760881423408514
1.952778131375031
1.9301629714782798
1.9082654341996097
1.8871075685028846
1.866710678565386
1.8470953023263106
1.828281190806807
1.8102872882223715
1.7931317129076285
1.776831739072704
1.761403779409561
1.7468633685658068
1.7332251475026244
1.7205028487525613
1.7087092825920362
1.6978563241424744
1.687954901413069
1.6790149842972006
1.671045574533601
1.664054696642364
1.6580493898449347
1.65303570097621
1.6490186783958887
1.6460023669052006
1.6439898036741347
1.6429830151832676
1.6429830151832676
1.6439898036741347
1.6460023669052004
1.6490186783958887
1.65303570097621
1.6580493898449347
1.664054696642364
1.671045574533601
1.6790149842972006
1.687954901413069
1.6978563241424744
1.708709282592036
1.7205028487525613
1.7332251475026244
1.746863368565807
1.7614037794095607
1.7768317390727042
1.7931317129076283
1.8102872882223715
1.8282811908068068
1.8470953023263106
1.866710678565386
1.8871075685028844
1.9082654341996093
1.93016297147828
1.9527781313750308
1.976088142340851
2.0000695331706035
2.0246981566365374
2.0499492138025026
2.0757972789943717
2.102216325401545
2.1291797512837363
2.156660406756674
2.1846306211297324
2.213062230767971
2.2419266074505293
2.271194687196815
2.3008369995314744
2.330823697158656
2.361124586015713
2.3917091556760637
2.422546610070602
2.453605898496733
2.4848557468837926
2.516264689283394
2.5478010995529603
2.5794332232005783
2.611129209359075
2.642857142857143
2.714285714285714
2.682557780787646
2.6508617946291495
2.6192296709815315
2.5876932607119647
2.5562843183123642
2.525034469925304
2.4939751814991733
2.463137727104635
2.4325531574442842
2.402252268587227
2.372265570960045
2.3426232586253866
2.3133551788791005
2.2844908021965424
2.2560591925583036
2.2280889781852453
2.200608322712308
2.1736448968301163
2.1472258504229433
2.121377785231074
2.0961267280651086
2.0714981045991747
2.0475167137694226
2.0242067028036024
2.001591542906851
1.9796940056281809
1.9585361399314558
1.9381392499939571
1.9185238737548818
1.8997097622353782
1.8817158596509427
1.8645602843361997
1.8482603105012751
1.8328323508381321
1.818291939994378
1.8046537189311955
1.7919314201811325
1.7801378540206074
1.7692848955710456
1.7593834728416402
1.7504435557257718
1.7424741459621722
1.7354832680709351
1.7294779612735058
1.7244642724047812
1.7204472498244598
1.7174309383337718
1.715418375102706
1.7144115866118388
1.7144115866118388
1.715418375102706
1.7174309383337716
1.7204472498244598
1.7244642724047812
1.7294779612735058
1.7354832680709351
1.7424741459621722
1.7504435557257718
1.7593834728416402
1.7692848955710456
1.7801378540206072
1.7919314201811325
1.8046537189311955
1.8182919399943782
1.832832350838132
1.8482603105012754
1.8645602843361995
1.8817158596509427
1.899709762235378
1.9185238737548818
1.9381392499939571
1.9585361399314556
1.9796940056281804
2.0015915429068514
2.024206702803602
2.047516713769422
2.0714981045991747
2.0961267280651086
2.121377785231074
2.147225850422943
2.1736448968301163
2.2006083227123074
2.2280889781852453
2.2560591925583036
2.284490802196542
2.3133551788791005
2.342623258625386
2.3722655709600455
2.402252268587227
2.4325531574442842
2.463137727104635
2.4939751814991733
2.5250344699253042
2.556284318312364
2.587693260711965
2.6192296709815315
2.6508617946291495
2.682557780787646
2.714285714285714
2.7857142857142856
2.753986352216218
2.722290366057721
2.690658242410103
2.6591218321405363
2.627712889740936
2.5964630413538754
2.565403752927745
2.5345662985332065
2.503981728872856
2.4736808400157986
2.4436941423886167
2.414051830053958
2.384783750307672
2.355919373625114
2.327487763986875
2.299517549613817
2.2720368941408795
2.245073468258688
2.218654421851515
2.1928063566596454
2.16755529949368
2.1429266760277463
2.118945285197994
2.0956352742321736
2.0730201143354225
2.0511225770567525
2.0299647113600274
2.0095678214225288
1.9899524451834534
1.9711383336639499
1.9531444310795143
1.9359888557647713
1.9196888819298468
1.9042609222667037
1.8897205114229496
1.8760822903597671
1.8633599916097041
1.851566425449179
1.8407134669996172
1.8308120442702118
1.8218721271543434
1.8139027173907438
1.8069118394995067
1.8009065327020775
1.7958928438333528
1.7918758212530315
1.7888595097623434
1.7868469465312775
1.7858401580404104
1.7858401580404104
1.7868469465312775
1.7888595097623432
1.7918758212530315
1.7958928438333528
1.8009065327020775
1.8069118394995067
1.8139027173907438
1.8218721271543434
1.8308120442702118
1.8407134669996172
1.8515664254491788
1.8633599916097041
1.8760822903597671
1.8897205114229498
1.9042609222667035
1.919688881929847
1.935988855764771
1.9531444310795143
1.9711383336639496
1.9899524451834534
2.0095678214225288
2.0299647113600274
2.051122577056752
2.0730201143354225
2.0956352742321736
2.1189452851979937
2.142926676027746
2.16755529949368
2.1928063566596454
2.2186544218515145
2.2450734682586884
2.2720368941408795
2.299517549613817
2.327487763986875
2.3559193736251136
2.3847837503076725
2.4140518300539577
2.443694142388617
2.4736808400157986
2.503981728872856
2.534566298533206
2.565403752927745
2.596463041353876
2.627712889740935
2.6591218321405368
2.690658242410103
2.722290366057721
2.753986352216218
2.7857142857142856
2.8571428571428568
2.825414923644789
2.7937189374862923
2.7620868138386743
2.7305504035691075
2.699141461169507
2.6678916127824466
2.636832324356316
2.6059948699617776
2.575410300301427
2.5451094114443698
2.515122713817188
2.4854804014825294
2.4562123217362433
2.4273479450536852
2.3989163354154464
2.370946121042388
2.3434654655694507
2.316502039687259
2.290082993280086
2.2642349280882166
2.2389838709222514
2.2143552474563175
2.1903738566265654
2.1670638456607447
2.1444486857639937
2.1225511484853237
2.1013932827885986
2.0809963928511
2.0613810166120246
2.042566905092521
2.0245730025080855
2.0074174271933423
1.991117453358418
1.975689493695275
1.9611490828515208
1.9475108617883383
1.9347885630382753
1.9229949968777502
1.9121420384281884
1.902240615698783
1.8933006985829146
1.885331288819315
1.878340410928078
1.8723351041306486
1.867321415261924
1.8633043926816026
1.8602880811909146
1.8582755179598487
1.8572687294689816
1.8572687294689816
1.8582755179598487
1.8602880811909144
1.8633043926816026
1.867321415261924
1.8723351041306486
1.878340410928078
1.885331288819315
1.8933006985829146
1.902240615698783
1.9121420384281884
1.92299499687775
1.9347885630382753
1.9475108617883383
1.961149082851521
1.9756894936952747
1.9911174533584182
2.0074174271933423
2.0245730025080855
2.042566905092521
2.0613810166120246
2.0809963928511
2.1013932827885986
2.1225511484853232
2.1444486857639937
2.1670638456607447
2.190373856626565
2.214355247456317
2.2389838709222514
2.2642349280882166
2.2900829932800857
2.3165020396872595
2.3434654655694507
2.370946121042388
2.3989163354154464
2.427347945053685
2.4562123217362437
2.485480401482529
2.5151227138171883
2.5451094114443698
2.575410300301427
2.605994869961777
2.636832324356316
2.667891612782447
2.699141461169506
2.730550403569108
2.7620868138386743
2.7937189374862923
2.825414923644789
2.8571428571428568
2.9285714285714284
2.8968434950733606
2.865147508914864
2.833515385267246
2.801978974997679
2.7705700325980787
2.739320184211018
2.7082608957848877
2.6774234413903493
2.6468388717299987
2.6165379828729414
2.5865512852457595
2.556908972911101
2.527640893164815
2.498776516482257
2.470344906844018
2.4423746924709597
2.4148940369980223
2.3879306111158307
2.3615115647086578
2.335663499516788
2.310412442350823
2.285783818884889
2.261802428055137
2.238492417089317
2.2158772571925653
2.1939797199138953
2.1728218542171702
2.1524249642796716
2.132809588040596
2.113995476521093
2.096001573936657
2.0788459986219143
2.0625460247869896
2.0471180651238465
2.032577654280092
2.01893943321691
2.006217134466847
1.9944235683063218
1.98357060985676
1.9736691871273546
1.9647292700114862
1.9567598602478866
1.9497689823566495
1.9437636755592202
1.9387499866904956
1.9347329641101743
1.9317166526194862
1.9297040893884203
1.9286973008975532
1.9286973008975532
1.9297040893884203
1.931716652619486
1.9347329641101743
1.9387499866904956
1.9437636755592202
1.9497689823566495
1.9567598602478866
1.9647292700114862
1.9736691871273546
1.98357060985676
1.9944235683063216
2.006217134466847
2.01893943321691
2.0325776542800926
2.047118065123846
2.0625460247869896
2.078845998621914
2.096001573936657
2.1139954765210924
2.132809588040596
2.1524249642796716
2.17282185421717
2.193979719913895
2.215877257192566
2.2384924170893163
2.2618024280551365
2.285783818884889
2.310412442350823
2.335663499516788
2.3615115647086573
2.3879306111158307
2.414894036998022
2.4423746924709597
2.470344906844018
2.4987765164822564
2.527640893164815
2.5569089729111005
2.58655128524576
2.6165379828729414
2.6468388717299987
2.6774234413903493
2.7082608957848877
2.7393201842110186
2.770570032598078
2.8019789749976796
2.833515385267246
2.865147508914864
2.8968434950733606
2.9285714285714284
3.0
2.968272066501932
2.9365760803434355
2.9049439566958175
2.8734075464262507
2.8419986040266503
2.81074875563959
2.7796894672134593
2.748852012818921
2.7182674431585703
2.687966554301513
2.657979856674331
2.6283375443396726
2.5990694645933865
2.5702050879108285
2.5417734782725896
2.5138032638995313
2.486322608426594
2.4593591825444023
2.4329401361372294
2.40709207094536
2.3818410137793946
2.3572123903134607
2.3332309994837086
2.309920988517888
2.287305828621137
2.265408291342467
2.244250425645742
2.223853535708243
2.204238159469168
2.185424047949664
2.1674301453652287
2.1502745700504855
2.133974596215561
2.118546636552418
2.1040062257086642
2.0903680046454816
2.0776457058954185
2.0658521397348935
2.0549991812853317
2.0450977585559262
2.036157841440058
2.0281884316764582
2.021197553785221
2.015192246987792
2.010178558119067
2.006161535538746
2.003145224048058
2.001132660816992
2.000125872326125
2.000125872326125
2.001132660816992
2.0031452240480574
2.006161535538746
2.010178558119067
2.015192246987792
2.021197553785221
2.0281884316764582
2.036157841440058
2.0450977585559262
2.0549991812853317
2.0658521397348935
2.0776457058954185
2.0903680046454816
2.1040062257086642
2.118546636552418
2.1339745962155616
2.1502745700504855
2.1674301453652287
2.185424047949664
2.204238159469168
2.223853535708243
2.244250425645742
2.2654082913424665
2.287305828621137
2.309920988517888
2.333230999483708
2.3572123903134603
2.3818410137793946
2.40709207094536
2.432940136137229
2.4593591825444028
2.486322608426594
2.5138032638995313
2.5417734782725896
2.570205087910828
2.599069464593387
2.628337544339672
2.6579798566743316
2.687966554301513
2.7182674431585703
2.7488520128189204
2.7796894672134593
2.8107487556395903
2.8419986040266494
2.873407546426251
2.9049439566958175
2.9365760803434355
2.968272066501932
3.0
3.071428571428571
3.0397006379305034
3.0080046517720067
2.9763725281243887
2.944836117854822
2.9134271754552215
2.882177327068161
2.8511180386420305
2.820280584247492
2.7896960145871414
2.759395125730084
2.7294084281029023
2.6997661157682438
2.6704980360219577
2.6416336593393996
2.6132020497011608
2.5852318353281025
2.557751179855165
2.5307877539729735
2.5043687075658005
2.478520642373931
2.453269585207966
2.428640961742032
2.4046595709122798
2.381349559946459
2.358734400049708
2.336836862771038
2.315678997074313
2.2952821071368144
2.275666730897739
2.2568526193782352
2.2388587167938
2.2217031414790567
2.2054031676441324
2.1899752079809893
2.1754347971372354
2.1617965760740527
2.1490742773239897
2.1372807111634646
2.126427752713903
2.1165263299844974
2.107586412868629
2.0996170031050294
2.0926261252137923
2.086620818416363
2.0816071295476384
2.077590106967317
2.074573795476629
2.072561232245563
2.071554443754696
2.071554443754696
2.072561232245563
2.0745737954766286
2.077590106967317
2.0816071295476384
2.086620818416363
2.0926261252137923
2.0996170031050294
2.107586412868629
2.1165263299844974
2.126427752713903
2.1372807111634646
2.1490742773239897
2.1617965760740527
2.1754347971372354
2.1899752079809893
2.205403167644133
2.2217031414790567
2.2388587167938
2.2568526193782352
2.275666730897739
2.2952821071368144
2.315678997074313
2.3368368627710376
2.358734400049708
2.381349559946459
2.4046595709122793
2.4286409617420315
2.453269585207966
2.478520642373931
2.5043687075658
2.530787753972974
2.557751179855165
2.5852318353281025
2.6132020497011608
2.641633659339399
2.670498036021958
2.6997661157682433
2.7294084281029027
2.759395125730084
2.7896960145871414
2.8202805842474916
2.8511180386420305
2.8821773270681614
2.9134271754552206
2.9448361178548224
2.9763725281243887
3.0080046517720067
3.0397006379305034
3.071428571428571
3.142857142857143
3.111129209359075
3.0794332232005783
3.0478010995529603
3.0162646892833935
2.984855746883793
2.9536058984967326
2.922546610070602
2.8917091556760637
2.861124586015713
2.830823697158656
2.800836999531474
2.7711946871968154
2.7419266074505293
2.7130622307679713
2.6846306211297324
2.656660406756674
2.6291797512837367
2.602216325401545
2.575797278994372
2.5499492138025026
2.5246981566365374
2.5000695331706035
2.4760881423408514
2.452778131375031
2.4301629714782798
2.4082654341996097
2.3871075685028846
2.366710678565386
2.3470953023263106
2.3282811908068073
2.3102872882223715
2.2931317129076287
2.276831739072704
2.261403779409561
2.2468633685658066
2.2332251475026244
2.2205028487525613
2.2087092825920362
2.1978563241424744
2.187954901413069
2.1790149842972006
2.171045574533601
2.164054696642364
2.1580493898449347
2.15303570097621
2.1490186783958887
2.1460023669052006
2.1439898036741347
2.1429830151832676
2.1429830151832676
2.1439898036741347
2.1460023669052006
2.1490186783958887
2.15303570097621
2.1580493898449347
2.164054696642364
2.171045574533601
2.1790149842972006
2.187954901413069
2.1978563241424744
2.208709282592036
2.2205028487525613
2.2332251475026244
2.246863368565807
2.2614037794095605
2.276831739072704
2.2931317129076283
2.3102872882223715
2.328281190806807
2.3470953023263106
2.366710678565386
2.387107568502884
2.4082654341996093
2.43016297147828
2.4527781313750308
2.476088142340851
2.5000695331706035
2.5246981566365374
2.5499492138025026
2.5757972789943717
2.602216325401545
2.6291797512837363
2.656660406756674
2.6846306211297324
2.713062230767971
2.7419266074505293
2.771194687196815
2.8008369995314744
2.830823697158656
2.861124586015713
2.8917091556760637
2.922546610070602
2.953605898496733
2.9848557468837926
3.016264689283394
3.0478010995529603
3.0794332232005783
3.111129209359075
3.142857142857143
3.214285714285714
3.182557780787646
3.1508617946291495
3.1192296709815315
3.0876932607119647
3.0562843183123642
3.025034469925304
2.9939751814991733
2.963137727104635
2.9325531574442842
2.902252268587227
2.872265570960045
2.8426232586253866
2.8133551788791005
2.7844908021965424
2.7560591925583036
2.7280889781852453
2.700608322712308
2.6736448968301163
2.6472258504229433
2.621377785231074
2.5961267280651086
2.5714981045991747
2.5475167137694226
2.5242067028036024
2.501591542906851
2.479694005628181
2.458536139931456
2.438139249993957
2.4185238737548818
2.3997097622353785
2.3817158596509427
2.3645602843362
2.348260310501275
2.332832350838132
2.3182919399943778
2.3046537189311955
2.2919314201811325
2.2801378540206074
2.2692848955710456
2.25938347284164
2.250443555725772
2.242474145962172
2.235483268070935
2.229477961273506
2.224464272404781
2.22044724982446
2.217430938333772
2.215418375102706
2.214411586611839
2.214411586611839
2.215418375102706
2.217430938333772
2.22044724982446
2.224464272404781
2.229477961273506
2.235483268070935
2.242474145962172
2.250443555725772
2.25938347284164
2.2692848955710456
2.280137854020607
2.2919314201811325
2.3046537189311955
2.318291939994378
2.3328323508381317
2.348260310501275
2.3645602843361995
2.3817158596509427
2.399709762235378
2.4185238737548818
2.438139249993957
2.4585361399314554
2.4796940056281804
2.5015915429068514
2.524206702803602
2.547516713769422
2.5714981045991747
2.5961267280651086
2.621377785231074
2.647225850422943
2.6736448968301163
2.7006083227123074
2.7280889781852453
2.7560591925583036
2.784490802196542
2.8133551788791005
2.842623258625386
2.8722655709600455
2.902252268587227
2.9325531574442842
2.963137727104635
2.9939751814991733
3.0250344699253042
3.056284318312364
3.087693260711965
3.1192296709815315
3.1508617946291495
3.182557780787646
3.214285714285714
3.2857142857142856
3.253986352216218
3.222290366057721
3.190658242410103
3.1591218321405363
3.127712889740936
3.0964630413538754
3.065403752927745
3.0345662985332065
3.003981728872856
2.9736808400157986
2.9436941423886167
2.914051830053958
2.884783750307672
2.855919373625114
2.827487763986875
2.799517549613817
2.7720368941408795
2.745073468258688
2.718654421851515
2.6928063566596454
2.66755529949368
2.6429266760277463
2.618945285197994
2.5956352742321736
2.5730201143354225
2.5511225770567525
2.5299647113600274
2.5095678214225288
2.4899524451834534
2.4711383336639496
2.4531444310795143
2.435988855764771
2.4196888819298468
2.4042609222667037
2.38972051142295
2.376082290359767
2.363359991609704
2.351566425449179
2.3407134669996172
2.330812044270212
2.3218721271543434
2.313902717390744
2.3069118394995067
2.3009065327020775
2.295892843833353
2.2918758212530315
2.2888595097623434
2.2868469465312775
2.2858401580404104
2.2858401580404104
2.2868469465312775
2.288859509762343
2.2918758212530315
2.295892843833353
2.3009065327020775
2.3069118394995067
2.313902717390744
2.3218721271543434
2.330812044270212
2.3407134669996172
2.351566425449179
2.363359991609704
2.376082290359767
2.38972051142295
2.4042609222667037
2.419688881929847
2.435988855764771
2.4531444310795143
2.4711383336639496
2.4899524451834534
2.5095678214225288
2.5299647113600274
2.551122577056752
2.5730201143354225
2.5956352742321736
2.6189452851979937
2.642926676027746
2.66755529949368
2.6928063566596454
2.7186544218515145
2.7450734682586884
2.7720368941408795
2.799517549613817
2.827487763986875
2.8559193736251136
2.8847837503076725
2.9140518300539577
2.943694142388617
2.9736808400157986
3.003981728872856
3.034566298533206
3.065403752927745
3.096463041353876
3.127712889740935
3.1591218321405368
3.190658242410103
3.222290366057721
3.253986352216218
3.2857142857142856
3.3571428571428568
3.325414923644789
3.2937189374862923
3.2620868138386743
3.2305504035691075
3.199141461169507
3.1678916127824466
3.136832324356316
3.1059948699617776
3.075410300301427
3.0451094114443698
3.015122713817188
2.9854804014825294
2.9562123217362433
2.9273479450536852
2.8989163354154464
2.870946121042388
2.8434654655694507
2.816502039687259
2.790082993280086
2.7642349280882166
2.7389838709222514
2.7143552474563175
2.6903738566265654
2.6670638456607447
2.6444486857639937
2.6225511484853237
2.6013932827885986
2.5809963928511
2.5613810166120246
2.542566905092521
2.5245730025080855
2.5074174271933423
2.491117453358418
2.475689493695275
2.461149082851521
2.4475108617883383
2.4347885630382753
2.42299499687775
2.4121420384281884
2.402240615698783
2.3933006985829146
2.385331288819315
2.378340410928078
2.3723351041306486
2.367321415261924
2.3633043926816026
2.3602880811909146
2.3582755179598487
2.3572687294689816
2.3572687294689816
2.3582755179598487
2.360288081190914
2.3633043926816026
2.367321415261924
2.3723351041306486
2.378340410928078
2.385331288819315
2.3933006985829146
2.402240615698783
2.4121420384281884
2.42299499687775
2.4347885630382753
2.4475108617883383
2.461149082851521
2.475689493695275
2.4911174533584184
2.5074174271933423
2.5245730025080855
2.542566905092521
2.5613810166120246
2.5809963928511
2.6013932827885986
2.6225511484853232
2.6444486857639937
2.6670638456607447
2.690373856626565
2.714355247456317
2.7389838709222514
2.7642349280882166
2.7900829932800857
2.8165020396872595
2.8434654655694507
2.870946121042388
2.8989163354154464
2.927347945053685
2.9562123217362437
2.985480401482529
3.0151227138171883
3.0451094114443698
3.075410300301427
3.105994869961777
3.136832324356316
3.167891612782447
3.199141461169506
3.230550403569108
3.2620868138386743
3.2937189374862923
3.325414923644789
3.3571428571428568
3.4285714285714284
3.3968434950733606
3.365147508914864
3.333515385267246
3.301978974997679
3.2705700325980787
3.239320184211018
3.2082608957848877
3.1774234413903493
3.1468388717299987
3.1165379828729414
3.0865512852457595
3.056908972911101
3.027640893164815
2.998776516482257
2.970344906844018
2.9423746924709597
2.9148940369980223
2.8879306111158307
2.8615115647086578
2.835663499516788
2.810412442350823
2.785783818884889
2.761802428055137
2.738492417089317
2.7158772571925653
2.6939797199138953
2.6728218542171702
2.6524249642796716
2.632809588040596
2.613995476521093
2.596001573936657
2.5788459986219143
2.5625460247869896
2.5471180651238465
2.532577654280092
2.51893943321691
2.506217134466847
2.494423568306322
2.48357060985676
2.4736691871273546
2.4647292700114862
2.4567598602478866
2.4497689823566495
2.4437636755592202
2.4387499866904956
2.4347329641101743
2.431716652619486
2.4297040893884203
2.428697300897553
2.428697300897553
2.4297040893884203
2.431716652619486
2.4347329641101743
2.4387499866904956
2.4437636755592202
2.4497689823566495
2.4567598602478866
2.4647292700114862
2.4736691871273546
2.48357060985676
2.4944235683063214
2.506217134466847
2.51893943321691
2.5325776542800926
2.547118065123846
2.5625460247869896
2.578845998621914
2.596001573936657
2.6139954765210924
2.632809588040596
2.6524249642796716
2.67282185421717
2.693979719913895
2.715877257192566
2.7384924170893163
2.7618024280551365
2.785783818884889
2.810412442350823
2.835663499516788
2.8615115647086573
2.8879306111158307
2.914894036998022
2.9423746924709597
2.970344906844018
2.9987765164822564
3.027640893164815
3.0569089729111005
3.08655128524576
3.1165379828729414
3.1468388717299987
3.1774234413903493
3.2082608957848877
3.2393201842110186
3.270570032598078
3.3019789749976796
3.333515385267246
3.365147508914864
3.3968434950733606
3.4285714285714284
3.5
3.468272066501932
3.4365760803434355
3.4049439566958175
3.3734075464262507
3.3419986040266503
3.31074875563959
3.2796894672134593
3.248852012818921
3.2182674431585703
3.187966554301513
3.157979856674331
3.1283375443396726
3.0990694645933865
3.0702050879108285
3.0417734782725896
3.0138032638995313
2.986322608426594
2.9593591825444023
2.9329401361372294
2.90709207094536
2.8818410137793946
2.8572123903134607
2.8332309994837086
2.809920988517888
2.787305828621137
2.765408291342467
2.744250425645742
2.723853535708243
2.704238159469168
2.685424047949664
2.6674301453652287
2.6502745700504855
2.633974596215561
2.618546636552418
2.6040062257086642
2.5903680046454816
2.5776457058954185
2.5658521397348935
2.5549991812853317
2.5450977585559262
2.536157841440058
2.5281884316764582
2.521197553785221
2.515192246987792
2.510178558119067
2.506161535538746
2.503145224048058
2.501132660816992
2.500125872326125
2.500125872326125
2.501132660816992
2.5031452240480574
2.506161535538746
2.510178558119067
2.515192246987792
2.521197553785221
2.5281884316764582
2.536157841440058
2.5450977585559262
2.5549991812853317
2.5658521397348935
2.5776457058954185
2.5903680046454816
2.6040062257086642
2.618546636552418
2.6339745962155616
2.6502745700504855
2.6674301453652287
2.685424047949664
2.704238159469168
2.723853535708243
2.744250425645742
2.7654082913424665
2.787305828621137
2.809920988517888
2.833230999483708
2.8572123903134603
2.8818410137793946
2.90709207094536
2.932940136137229
2.9593591825444028
2.986322608426594
3.0138032638995313
3.0417734782725896
3.070205087910828
3.099069464593387
3.128337544339672
3.1579798566743316
3.187966554301513
3.2182674431585703
3.2488520128189204
3.2796894672134593
3.3107487556395903
3.3419986040266494
3.373407546426251
3.4049439566958175
3.4365760803434355
3.468272066501932
3.5
